total_metrics:
  number_of_movements: 28
  pace_movements_per_second: 0.8225616921269095
  mean_range_degrees: 0.13759218952658367
  std_range_degrees: 0.0732675095329703
  mean_duration_seconds: 0.6028571428571429
  std_duration_seconds: 0.20297522459389422
  exercise_duration_seconds: 34.04

