total_metrics:
  number_of_movements: 2
  pace_movements_per_second: 0.04204330460374185
  mean_range_degrees: 0.22917641500513278
  std_range_degrees: 0.29198733325615517
  mean_duration_seconds: 0.495
  std_duration_seconds: 0.03535533905932741
  exercise_duration_seconds: 47.57

