total_metrics:
  total_metrics_head:
    number_of_movements: 36
    pace_movements_per_second: 0.6822057987492893
    mean_range_degrees: 22.02905247070291
    std_range_degrees: 14.070362740567294
    mean_duration_seconds: 0.6824999999999999
    std_duration_seconds: 0.22261273227609552

  gait:
    total_steps: 0
    stride_times: [1.42, 1.55, 2.17, 2.08, 1.1400000000000001, 0.99, 1.5899999999999999, 2.5300000000000002, 2.35, 1.49, 1.48, 1.28, 0.98, 0.8, 0.92, 1.08, 1.56, 1.34, 1.28, 1.25, 0.86, 2.14, 1.6, 0.97, 0.85, 1.31, 1.2, 1.43, 1.96, 1.51, 1.23, 1.07, 1.0, 1.71]
    cadence: 0.0
    left_stance_times: [0.4, 0.21, 0.49, 0.28, 0.25, 0.25, 0.27, 0.21, 0.32, 0.36, 0.5, 0.23, 0.71, 0.46, 0.29, 0.27, 0.24, 0.28, 0.22, 0.3, 0.28, 0.3, 0.25, 0.33, 0.24, 0.26, 0.21, 0.44, 0.49, 0.52, 0.32, 0.3, 0.56, 0.3, 0.23, 0.47, 0.24, 0.57, 0.21, 0.36, 0.3, 0.32, 0.28, 0.37, 0.26, 0.21, 0.23, 0.31, 1.2, 0.38]
    right_stance_times: [0.46, 0.29, 0.48, 0.88, 0.29, 0.46, 0.27, 0.25, 0.42, 0.24, 0.83, 0.5, 0.27, 0.78, 0.41, 0.57, 0.37, 0.35, 0.46, 0.28, 0.45, 0.41, 0.21, 0.26, 0.64, 0.26, 0.58, 0.32, 0.37, 0.27, 1.06, 0.6, 0.29, 0.52, 0.46, 0.59, 0.22, 0.49, 0.21, 0.93, 0.63, 0.24, 0.42, 0.31, 0.22, 0.96, 1.06, 0.24, 0.41]
    left_swing_times: [0.46, 0.29, 0.48, 0.88, 0.25, 0.27, 0.27, 0.25, 0.42, 0.36, 0.5, 0.71, 0.5, 0.27, 0.29, 0.41, 0.57, 0.37, 0.28, 0.45, 0.41, 0.21, 0.24, 0.26, 0.64, 0.26, 0.58, 0.49, 0.52, 0.37, 0.32, 1.06, 0.56, 0.3, 0.23, 0.52, 0.47, 0.24, 0.59, 0.22, 0.36, 0.21, 0.3, 0.32, 0.24, 0.42, 0.31, 0.22, 0.96, 1.06, 0.24]
    right_swing_times: [0.4, 0.21, 0.49, 0.28, 0.25, 0.29, 0.46, 0.21, 0.32, 0.24, 0.23, 0.83, 0.46, 0.78, 0.27, 0.24, 0.28, 0.22, 0.35, 0.3, 0.46, 0.28, 0.3, 0.25, 0.33, 0.26, 0.21, 0.44, 0.32, 0.27, 0.3, 0.6, 0.29, 0.46, 0.57, 0.21, 0.49, 0.93, 0.63, 0.28, 0.37, 0.26, 0.21, 0.23, 0.31, 1.2, 0.38, 0.41]
    double_support_times: [0.0, 0.0, 0.0, 0.0, 0.0, 0.0, 0.0, 0.0, 0.0, 0.0, 0.0, 0.0, 0.0, 0.0, 0.0, 0.0, 0.0, 0.0, 0.0, 0.0, 0.0, 0.0, 0.0, 0.0, 0.0, 0.0, 0.0, 0.0, 0.0, 0.0, 0.0, 0.0, 0.0, 0.0, 0.0, 0.0, 0.0, 0.0, 0.0, 0.0, 0.0, 0.0, 0.0, 0.0, 0.0, 0.0, 0.0, 0.0, 0.0]
    single_support_times: [0.4, 0.21, 0.49, 0.28, 0.25, 0.25, 0.27, 0.21, 0.32, 0.36, 0.23, 0.71, 0.46, 0.29, 0.27, 0.24, 0.28, 0.22, 0.3, 0.28, 0.3, 0.25, 0.33, 0.24, 0.26, 0.21, 0.44, 0.49, 0.52, 0.32, 0.3, 0.56, 0.3, 0.23, 0.47, 0.24, 0.57, 0.21, 0.36, 0.3, 0.32, 0.28, 0.37, 0.26, 0.21, 0.23, 0.31, 1.2, 0.38]
    exercise_duration_seconds: 52.77
    mean_stride_time: 1.4152941176470588
    std_stride_time: 0.4412831243632039

