total_metrics:
  total_metrics_head:
    number_of_movements: 23
    pace_movements_per_second: 0.7338864071474155
    mean_range_degrees: 30.086756125622145
    std_range_degrees: 12.29397379200896
    mean_duration_seconds: 0.6495652173913044
    std_duration_seconds: 0.16685536090413935

  gait:
    total_steps: 0
    stride_times: [2.27, 2.64, 3.29, 3.04, 1.79, 2.49, 2.87, 3.1, 1.3, 1.53, 1.13, 0.66, 0.9, 0.91]
    cadence: 0.0
    left_stance_times: [0.49, 0.23, 0.46, 0.49, 0.32, 0.41, 0.44, 0.27, 0.32, 0.33, 0.34, 0.29, 0.32, 0.49, 0.3, 0.21, 1.05, 1.09, 0.72, 0.4, 0.29, 0.5, 0.3, 0.21, 0.31, 0.28]
    right_stance_times: [0.4, 0.3, 0.21, 0.66, 0.54, 0.32, 0.22, 0.41, 0.56, 0.23, 0.3, 0.28, 0.79, 0.38, 0.22, 0.49, 0.31, 0.26, 0.41, 0.31, 0.46, 0.32, 0.22, 0.23]
    left_swing_times: [0.4, 0.3, 0.21, 0.66, 0.41, 0.22, 0.23, 0.29, 0.79, 0.3, 0.22, 1.05, 0.31, 0.72, 0.4, 0.29, 0.31, 0.5, 0.46, 0.32, 0.31, 0.28]
    right_swing_times: [0.49, 0.23, 0.46, 0.49, 0.32, 0.54, 0.32, 0.44, 0.27, 0.41, 0.32, 0.56, 0.33, 0.34, 0.3, 0.28, 0.32, 0.49, 0.38, 0.21, 0.49, 1.09, 0.26, 0.41, 0.3, 0.21, 0.22, 0.23]
    double_support_times: [0.0, 0.0, 0.0, 0.0, 0.0, 0.0, 0.0, 0.0, 0.0, 0.0, 0.0, 0.0, 0.0, 0.0, 0.0, 0.0, 0.0, 0.0, 0.0, 0.0, 0.0, 0.0, 0.0, 0.0]
    single_support_times: [0.49, 0.23, 0.46, 0.49, 0.32, 0.41, 0.44, 0.27, 0.32, 0.33, 0.34, 0.29, 0.32, 0.49, 0.21, 1.05, 1.09, 0.72, 0.4, 0.29, 0.3, 0.21, 0.31, 0.28]
    exercise_duration_seconds: 31.34
    mean_stride_time: 1.9942857142857144
    std_stride_time: 0.8920419135389347

