total_metrics:
  total_metrics_head:
    number_of_movements: 24
    pace_movements_per_second: 0.7132243684992571
    mean_range_degrees: 33.89351589537099
    std_range_degrees: 21.45023959008158
    mean_duration_seconds: 0.6929166666666666
    std_duration_seconds: 0.19813212909498082

  gait:
    total_steps: 0
    stride_times: [4.45, 2.94, 2.68, 3.26, 1.9, 1.06, 1.12, 0.86, 0.99, 1.67, 1.3599999999999999, 1.54, 1.17, 1.42, 1.23]
    cadence: 0.0
    left_stance_times: [0.29, 0.69, 0.45, 0.23, 0.31, 0.54, 0.21, 1.1400000000000001, 0.72, 0.32, 0.22, 0.46, 0.23, 0.24, 0.53, 0.38, 0.33, 0.69, 0.82, 0.26, 0.45, 0.25, 0.21, 0.46]
    right_stance_times: [0.34, 0.78, 0.23, 0.23, 0.61, 0.47, 0.87, 0.4, 0.41, 0.44, 0.42, 0.46, 0.27, 0.25, 0.21, 0.33, 0.22, 0.36, 0.57, 0.47, 0.34, 0.38, 0.78]
    left_swing_times: [0.34, 0.23, 0.47, 0.87, 0.4, 0.32, 0.44, 0.22, 0.46, 0.46, 0.27, 0.25, 0.53, 0.38, 0.22, 0.69, 0.82, 0.26, 0.47, 0.34, 0.38, 0.78]
    right_swing_times: [0.29, 0.69, 0.78, 0.45, 0.23, 0.23, 0.31, 0.61, 0.54, 0.21, 1.1400000000000001, 0.72, 0.41, 0.42, 0.23, 0.24, 0.21, 0.33, 0.33, 0.36, 0.57, 0.45, 0.25, 0.21, 0.46]
    double_support_times: [0.0, 0.0, 0.0, 0.0, 0.0, 0.0, 0.0, 0.0, 0.0, 0.0, 0.0, 0.0, 0.0, 0.0, 0.0, 0.0, 0.0, 0.0, 0.0, 0.0, 0.0, 0.0, 0.0]
    single_support_times: [0.29, 0.69, 0.45, 0.23, 0.31, 0.54, 0.21, 1.1400000000000001, 0.72, 0.32, 0.22, 0.46, 0.23, 0.24, 0.53, 0.38, 0.33, 0.69, 0.82, 0.26, 0.45, 0.25, 0.21]
    exercise_duration_seconds: 33.65
    mean_stride_time: 1.8433333333333335
    std_stride_time: 0.9967926341800262

