total_metrics:
  total_metrics_head:
    number_of_movements: 21
    pace_movements_per_second: 0.6666666666666666
    mean_range_degrees: 25.898486580332197
    std_range_degrees: 13.782664102208566
    mean_duration_seconds: 0.6828571428571429
    std_duration_seconds: 0.23611740421118596

  gait:
    total_steps: 0
    stride_times: [3.16, 1.78, 1.87, 1.52, 1.0, 1.8199999999999998, 0.81, 1.56, 1.94, 1.34, 1.15, 2.15, 3.51, 3.69]
    cadence: 0.0
    left_stance_times: [0.47, 0.28, 0.26, 0.43, 0.33, 0.22, 0.29, 0.38, 0.21, 0.43, 0.44, 0.82, 0.61, 0.43, 0.22, 0.26, 0.46, 0.25, 1.05, 0.73, 0.47, 0.87, 0.34, 0.29]
    right_stance_times: [0.28, 0.37, 0.36, 0.8, 0.29, 0.72, 0.62, 0.47, 0.27, 0.49, 0.77, 0.28, 0.28, 0.29, 0.28, 0.53, 0.25, 0.31, 0.61, 0.21, 0.62, 0.27, 0.33]
    left_swing_times: [0.28, 0.26, 0.29, 0.29, 0.38, 0.21, 0.49, 0.44, 0.77, 0.82, 0.28, 0.43, 0.29, 0.28, 0.53, 0.25, 0.31, 1.05, 0.73, 0.87, 0.29]
    right_swing_times: [0.47, 0.28, 0.37, 0.36, 0.43, 0.8, 0.33, 0.22, 0.72, 0.62, 0.47, 0.27, 0.43, 0.28, 0.61, 0.22, 0.26, 0.46, 0.25, 0.61, 0.21, 0.47, 0.62, 0.27, 0.34, 0.33]
    double_support_times: [0.0, 0.0, 0.0, 0.0, 0.0, 0.0, 0.0, 0.0, 0.0, 0.0, 0.0, 0.0, 0.0, 0.0, 0.0, 0.0, 0.0, 0.0, 0.0, 0.0, 0.0, 0.0, 0.0]
    single_support_times: [0.47, 0.28, 0.26, 0.43, 0.33, 0.22, 0.29, 0.38, 0.21, 0.43, 0.44, 0.82, 0.61, 0.43, 0.22, 0.26, 0.46, 0.25, 1.05, 0.73, 0.47, 0.87, 0.34]
    exercise_duration_seconds: 31.5
    mean_stride_time: 1.95
    std_stride_time: 0.8688580354202208

