total_metrics:
  total_metrics_head:
    number_of_movements: 31
    pace_movements_per_second: 0.6540084388185654
    mean_range_degrees: 31.367225188617734
    std_range_degrees: 15.10431684679375
    mean_duration_seconds: 0.6629032258064516
    std_duration_seconds: 0.12780697811901343

  gait:
    total_steps: 0
    stride_times: [1.22, 2.08, 2.12, 2.0, 2.11, 1.6600000000000001, 2.65, 2.04, 1.1400000000000001, 1.23, 0.94, 0.95, 1.12, 0.75, 1.3, 1.22, 0.74, 1.1400000000000001, 1.3900000000000001, 1.17, 1.35, 1.46, 1.49, 2.68, 1.65, 2.41, 2.68, 1.54, 0.88, 1.28, 1.8]
    cadence: 0.0
    left_stance_times: [0.33, 0.27, 0.45, 0.3, 0.45, 0.23, 0.33, 0.25, 0.39, 0.84, 0.26, 0.24, 0.38, 0.47, 0.46, 0.36, 0.68, 0.29, 0.24, 0.52, 0.31, 0.22, 0.29, 0.34, 0.32, 0.38, 0.21, 0.45, 0.21, 0.28, 0.39, 0.3, 0.45, 0.29, 0.48, 0.46, 0.37, 1.22, 0.34, 0.32, 0.25, 0.4, 0.71, 0.39, 0.35, 0.4, 0.63]
    right_stance_times: [0.6, 0.66, 0.21, 1.2, 0.68, 0.25, 0.39, 0.79, 0.25, 0.43, 0.46, 0.22, 0.73, 0.76, 0.48, 0.5, 0.39, 0.43, 0.36, 0.24, 0.74, 0.39, 0.59, 0.49, 0.3, 0.43, 0.23, 0.44, 0.23, 0.26, 0.62, 0.33, 0.32, 0.6, 0.52, 0.56, 0.75, 0.39, 0.46, 0.58, 0.34]
    left_swing_times: [0.33, 0.6, 0.66, 0.21, 1.2, 0.68, 0.25, 0.39, 0.84, 0.43, 0.38, 0.22, 0.36, 0.76, 0.52, 0.39, 0.43, 0.36, 0.29, 0.34, 0.74, 0.32, 0.39, 0.38, 0.21, 0.49, 0.45, 0.21, 0.28, 0.39, 0.3, 0.26, 0.48, 0.46, 0.33, 1.22, 0.6, 0.52, 0.56, 0.71, 0.39, 0.46, 0.35, 0.4, 0.63]
    right_swing_times: [0.27, 0.45, 0.3, 0.45, 0.23, 0.33, 0.25, 0.39, 0.79, 0.25, 0.26, 0.24, 0.46, 0.47, 0.46, 0.73, 0.68, 0.48, 0.29, 0.24, 0.5, 0.31, 0.22, 0.24, 0.59, 0.3, 0.43, 0.23, 0.44, 0.23, 0.45, 0.29, 0.62, 0.37, 0.32, 0.34, 0.32, 0.25, 0.4, 0.75, 0.39, 0.58, 0.34]
    double_support_times: [0.0, 0.0, 0.0, 0.0, 0.0, 0.0, 0.0, 0.0, 0.0, 0.0, 0.0, 0.0, 0.0, 0.0, 0.0, 0.0, 0.0, 0.0, 0.0, 0.0, 0.0, 0.0, 0.0, 0.0, 0.0, 0.0, 0.0, 0.0, 0.0, 0.0, 0.0, 0.0, 0.0, 0.0, 0.0, 0.0, 0.0, 0.0, 0.0, 0.0, 0.0]
    single_support_times: [0.33, 0.27, 0.3, 0.45, 0.23, 0.33, 0.25, 0.39, 0.84, 0.24, 0.38, 0.47, 0.46, 0.36, 0.68, 0.24, 0.52, 0.31, 0.22, 0.29, 0.34, 0.32, 0.38, 0.21, 0.45, 0.21, 0.28, 0.39, 0.3, 0.29, 0.48, 0.46, 1.22, 0.34, 0.32, 0.25, 0.4, 0.71, 0.39, 0.35, 0.4]
    exercise_duration_seconds: 47.4
    mean_stride_time: 1.5545161290322582
    std_stride_time: 0.5572098620672606

