total_metrics:
  total_metrics_head:
    number_of_movements: 34
    pace_movements_per_second: 0.7329165768484587
    mean_range_degrees: 30.258072028080413
    std_range_degrees: 13.226260031965024
    mean_duration_seconds: 0.6455882352941176
    std_duration_seconds: 0.1604197368736454

  gait:
    total_steps: 0
    stride_times: [2.27, 2.64, 3.29, 3.04, 1.79, 2.49, 2.87, 3.1, 1.3, 1.53, 1.13, 0.66, 0.9, 0.91, 1.6800000000000002, 1.56, 2.54, 2.7800000000000002, 2.93, 2.56, 2.51, 2.39, 1.02]
    cadence: 0.0
    left_stance_times: [0.49, 0.23, 0.46, 0.49, 0.32, 0.41, 0.44, 0.27, 0.32, 0.33, 0.34, 0.29, 0.32, 0.49, 0.3, 0.21, 1.05, 1.09, 0.72, 0.4, 0.29, 0.5, 0.3, 0.21, 0.31, 0.28, 0.24, 0.58, 0.4, 0.21, 0.48, 0.89, 0.21, 0.26, 0.6, 0.27, 0.59, 0.24, 0.28, 0.41]
    right_stance_times: [0.4, 0.3, 0.21, 0.66, 0.54, 0.32, 0.22, 0.41, 0.56, 0.23, 0.3, 0.28, 0.79, 0.38, 0.22, 0.49, 0.31, 0.26, 0.41, 0.31, 0.46, 0.32, 0.22, 0.23, 0.39, 0.37, 0.29, 0.25, 1.28, 0.22, 0.67, 0.57, 0.22, 0.39, 0.57, 0.34, 0.95]
    left_swing_times: [0.4, 0.3, 0.21, 0.66, 0.41, 0.22, 0.23, 0.29, 0.79, 0.3, 0.22, 1.05, 0.31, 0.72, 0.4, 0.29, 0.31, 0.5, 0.46, 0.32, 0.31, 0.28, 0.39, 0.37, 0.29, 0.21, 0.48, 0.89, 0.21, 0.26, 0.6, 0.27, 0.24, 0.28, 0.95]
    right_swing_times: [0.49, 0.23, 0.46, 0.49, 0.32, 0.54, 0.32, 0.44, 0.27, 0.41, 0.32, 0.56, 0.33, 0.34, 0.3, 0.28, 0.32, 0.49, 0.38, 0.21, 0.49, 1.09, 0.26, 0.41, 0.3, 0.21, 0.22, 0.23, 0.24, 0.58, 0.4, 0.25, 1.28, 0.22, 0.67, 0.57, 0.22, 0.39, 0.59, 0.57, 0.34, 0.41]
    double_support_times: [0.0, 0.0, 0.0, 0.0, 0.0, 0.0, 0.0, 0.0, 0.0, 0.0, 0.0, 0.0, 0.0, 0.0, 0.0, 0.0, 0.0, 0.0, 0.0, 0.0, 0.0, 0.0, 0.0, 0.0, 0.0, 0.0, 0.0, 0.0, 0.0, 0.0, 0.0, 0.0, 0.0, 0.0, 0.0, 0.0, 0.0]
    single_support_times: [0.49, 0.23, 0.46, 0.49, 0.32, 0.41, 0.44, 0.27, 0.32, 0.33, 0.34, 0.29, 0.32, 0.49, 0.21, 1.05, 1.09, 0.72, 0.4, 0.29, 0.3, 0.21, 0.31, 0.28, 0.24, 0.58, 0.4, 0.21, 0.48, 0.89, 0.21, 0.26, 0.6, 0.27, 0.59, 0.24, 0.28]
    exercise_duration_seconds: 46.39
    mean_stride_time: 2.0821739130434787
    std_stride_time: 0.8003420818719473

