total_metrics:
  total_metrics_head:
    number_of_movements: 44
    pace_movements_per_second: 0.71731333550701
    mean_range_degrees: 30.141528860862284
    std_range_degrees: 13.01816000263071
    mean_duration_seconds: 0.6604545454545454
    std_duration_seconds: 0.15697658758116062

  gait:
    total_steps: 0
    stride_times: [2.27, 2.64, 3.29, 3.04, 1.79, 2.49, 2.87, 3.1, 1.3, 1.53, 1.13, 0.66, 0.9, 0.91, 1.6800000000000002, 1.56, 2.54, 2.7800000000000002, 2.93, 2.56, 1.02, 1.67, 1.99, 1.79, 2.09, 2.46, 1.44, 1.83, 1.48, 1.13, 1.56, 1.87, 1.37, 2.02, 2.57, 1.3, 1.19, 1.53]
    cadence: 0.0
    left_stance_times: [0.49, 0.23, 0.46, 0.49, 0.32, 0.41, 0.44, 0.27, 0.32, 0.33, 0.34, 0.29, 0.32, 0.49, 0.3, 0.21, 1.05, 1.09, 0.72, 0.4, 0.29, 0.5, 0.3, 0.21, 0.31, 0.28, 0.24, 0.58, 0.4, 0.21, 0.48, 0.89, 0.21, 0.26, 0.6, 0.27, 0.58, 0.24, 0.28, 0.42, 0.48, 0.76, 0.21, 0.21, 0.28, 0.27, 0.26, 0.58, 0.3, 0.4, 0.68, 0.33, 0.37, 0.22, 0.61, 0.68, 0.36, 0.24, 0.36, 0.55, 0.32]
    right_stance_times: [0.4, 0.3, 0.21, 0.66, 0.54, 0.32, 0.22, 0.41, 0.56, 0.23, 0.3, 0.28, 0.79, 0.38, 0.22, 0.49, 0.31, 0.26, 0.41, 0.31, 0.46, 0.32, 0.22, 0.23, 0.39, 0.37, 0.29, 0.25, 1.28, 0.22, 0.67, 0.57, 0.22, 0.57, 0.34, 0.95, 0.32, 0.22, 0.33, 0.38, 0.24, 0.71, 0.21, 0.36, 0.25, 0.45, 0.57, 0.39, 0.35, 1.19, 0.22, 0.28, 0.27, 0.21, 0.39, 0.27]
    left_swing_times: [0.4, 0.3, 0.21, 0.66, 0.41, 0.22, 0.23, 0.29, 0.79, 0.3, 0.22, 1.05, 0.31, 0.72, 0.4, 0.29, 0.31, 0.5, 0.46, 0.32, 0.31, 0.28, 0.39, 0.37, 0.29, 0.21, 0.48, 0.89, 0.21, 0.26, 0.6, 0.27, 0.24, 0.28, 0.95, 0.32, 0.22, 0.33, 0.21, 0.38, 0.24, 0.26, 0.58, 0.3, 0.45, 0.68, 0.57, 0.39, 0.22, 1.19, 0.22, 0.28, 0.36, 0.24, 0.21, 0.55, 0.27]
    right_swing_times: [0.49, 0.23, 0.46, 0.49, 0.32, 0.54, 0.32, 0.44, 0.27, 0.41, 0.32, 0.56, 0.33, 0.34, 0.3, 0.28, 0.32, 0.49, 0.38, 0.21, 0.49, 1.09, 0.26, 0.41, 0.3, 0.21, 0.22, 0.23, 0.24, 0.58, 0.4, 0.25, 1.28, 0.22, 0.67, 0.57, 0.22, 0.58, 0.57, 0.34, 0.42, 0.48, 0.76, 0.21, 0.28, 0.27, 0.71, 0.21, 0.36, 0.25, 0.4, 0.33, 0.37, 0.35, 0.61, 0.68, 0.27, 0.36, 0.39, 0.32]
    double_support_times: [0.0, 0.0, 0.0, 0.0, 0.0, 0.0, 0.0, 0.0, 0.0, 0.0, 0.0, 0.0, 0.0, 0.0, 0.0, 0.0, 0.0, 0.0, 0.0, 0.0, 0.0, 0.0, 0.0, 0.0, 0.0, 0.0, 0.0, 0.0, 0.0, 0.0, 0.0, 0.0, 0.0, 0.0, 0.0, 0.0, 0.0, 0.0, 0.0, 0.0, 0.0, 0.0, 0.0, 0.0, 0.0, 0.0, 0.0, 0.0, 0.0, 0.0, 0.0, 0.0, 0.0, 0.0, 0.0, 0.0]
    single_support_times: [0.49, 0.23, 0.46, 0.49, 0.32, 0.41, 0.44, 0.27, 0.32, 0.33, 0.34, 0.29, 0.32, 0.49, 0.21, 1.05, 1.09, 0.72, 0.4, 0.29, 0.3, 0.21, 0.31, 0.28, 0.24, 0.58, 0.4, 0.21, 0.48, 0.89, 0.21, 0.26, 0.6, 0.58, 0.24, 0.28, 0.42, 0.48, 0.76, 0.21, 0.28, 0.27, 0.26, 0.58, 0.3, 0.4, 0.68, 0.33, 0.37, 0.22, 0.61, 0.68, 0.24, 0.36, 0.55, 0.32]
    exercise_duration_seconds: 61.34
    mean_stride_time: 1.9021052631578943
    std_stride_time: 0.6911818935506768

