total_metrics:
  total_metrics_head:
    number_of_movements: 45
    pace_movements_per_second: 0.7045561296383279
    mean_range_degrees: 31.723577757341303
    std_range_degrees: 19.257129457178497
    mean_duration_seconds: 0.6673333333333333
    std_duration_seconds: 0.1697511547691342

  gait:
    total_steps: 0
    stride_times: [4.45, 2.94, 2.68, 3.26, 1.9, 1.06, 1.12, 0.86, 0.99, 1.67, 1.3599999999999999, 1.54, 1.17, 1.42, 1.23, 1.52, 2.2, 1.6400000000000001, 1.5699999999999998, 1.75, 1.98, 2.58, 3.56, 3.55, 2.45, 2.86]
    cadence: 0.0
    left_stance_times: [0.29, 0.69, 0.45, 0.23, 0.31, 0.54, 0.21, 1.1400000000000001, 0.72, 0.32, 0.22, 0.46, 0.23, 0.24, 0.53, 0.38, 0.33, 0.69, 0.82, 0.26, 0.45, 0.25, 0.21, 0.46, 0.37, 0.23, 0.24, 0.82, 0.33, 0.26, 0.23, 0.28, 0.36, 1.35, 1.48, 0.27, 0.9, 1.53, 0.66, 0.7, 0.22, 1.56, 0.38, 0.76, 0.27, 1.32, 0.25, 0.83, 0.95, 0.54]
    right_stance_times: [0.34, 0.78, 0.23, 0.23, 0.61, 0.47, 0.87, 0.4, 0.41, 0.44, 0.42, 0.46, 0.27, 0.25, 0.21, 0.33, 0.22, 0.36, 0.57, 0.47, 0.34, 0.38, 0.78, 0.44, 0.66, 0.36, 0.21, 0.38, 0.38, 0.34, 1.5899999999999999, 0.38, 0.36, 0.33, 0.25, 0.71, 0.21, 0.81, 0.26, 0.42, 0.31, 0.68, 0.53, 0.31, 0.38, 0.41]
    left_swing_times: [0.34, 0.23, 0.47, 0.87, 0.4, 0.32, 0.44, 0.22, 0.46, 0.46, 0.27, 0.25, 0.53, 0.38, 0.22, 0.69, 0.82, 0.26, 0.47, 0.34, 0.38, 0.78, 0.23, 0.66, 0.82, 0.33, 0.26, 0.23, 0.34, 1.5899999999999999, 1.48, 0.33, 0.25, 1.53, 0.66, 0.71, 0.21, 1.56, 0.42, 0.27, 0.53, 0.31, 0.95, 0.54]
    right_swing_times: [0.29, 0.69, 0.78, 0.45, 0.23, 0.23, 0.31, 0.61, 0.54, 0.21, 1.1400000000000001, 0.72, 0.41, 0.42, 0.23, 0.24, 0.21, 0.33, 0.33, 0.36, 0.57, 0.45, 0.25, 0.21, 0.46, 0.37, 0.44, 0.24, 0.36, 0.21, 0.38, 0.38, 0.28, 0.36, 1.35, 0.38, 0.36, 0.27, 0.9, 0.7, 0.22, 0.81, 0.26, 0.38, 0.76, 0.31, 0.68, 1.32, 0.25, 0.83, 0.38, 0.41]
    double_support_times: [0.0, 0.0, 0.0, 0.0, 0.0, 0.0, 0.0, 0.0, 0.0, 0.0, 0.0, 0.0, 0.0, 0.0, 0.0, 0.0, 0.0, 0.0, 0.0, 0.0, 0.0, 0.0, 0.0, 0.0, 0.0, 0.0, 0.0, 0.0, 0.0, 0.0, 0.0, 0.0, 0.0, 0.0, 0.0, 0.0, 0.0, 0.0, 0.0, 0.0, 0.0, 0.0, 0.0, 0.0, 0.0, 0.0]
    single_support_times: [0.29, 0.69, 0.45, 0.23, 0.31, 0.54, 0.21, 1.1400000000000001, 0.72, 0.32, 0.22, 0.46, 0.23, 0.24, 0.53, 0.38, 0.33, 0.69, 0.82, 0.26, 0.45, 0.25, 0.21, 0.37, 0.23, 0.24, 0.82, 0.33, 0.26, 0.23, 0.36, 1.35, 1.48, 0.27, 0.9, 0.66, 0.7, 0.22, 1.56, 0.38, 0.76, 0.27, 1.32, 0.25, 0.83, 0.95]
    exercise_duration_seconds: 63.87
    mean_stride_time: 2.0503846153846155
    std_stride_time: 0.9192073540628978

