total_metrics:
  total_metrics_head:
    number_of_movements: 41
    pace_movements_per_second: 0.6571565956082706
    mean_range_degrees: 29.734125394061106
    std_range_degrees: 15.307838246729776
    mean_duration_seconds: 0.6934146341463414
    std_duration_seconds: 0.1981490569760245

  gait:
    total_steps: 0
    stride_times: [1.51, 2.09, 1.92, 1.3900000000000001, 1.5899999999999999, 3.16, 2.14, 1.19, 2.01, 1.46, 1.55, 2.27, 2.33, 1.35, 1.22, 1.29, 1.45, 2.5, 2.5300000000000002, 2.25, 2.6, 2.58, 1.28, 1.07, 1.16, 1.26, 1.8199999999999998, 2.15, 2.76, 2.73, 1.8, 2.63, 2.94, 3.82]
    cadence: 0.0
    left_stance_times: [0.29, 0.58, 0.3, 0.21, 0.21, 0.49, 0.21, 0.29, 0.36, 0.46, 0.32, 0.39, 1.24, 0.34, 0.4, 0.39, 0.91, 0.39, 1.28, 0.4, 0.32, 0.56, 0.57, 0.23, 0.86, 0.28, 0.23, 0.29, 0.44, 0.36, 0.64, 0.29, 0.62, 0.66, 1.15, 0.4, 0.31, 0.23, 0.21, 0.34, 0.26, 0.4, 1.12, 0.28, 0.22, 0.38, 0.91, 0.28, 0.3, 0.76, 0.47, 1.03, 0.27, 1.06, 1.34, 0.94, 0.32]
    right_stance_times: [0.24, 0.36, 0.37, 0.37, 0.54, 0.23, 0.29, 0.39, 0.23, 0.51, 1.02, 0.28, 0.65, 0.27, 0.49, 0.43, 0.27, 0.26, 0.37, 1.23, 0.57, 0.35, 0.39, 0.3, 0.23, 0.23, 0.32, 0.21, 0.26, 0.32, 0.59, 0.56, 0.72, 0.61, 0.27, 0.77, 0.31, 0.45, 0.47, 0.21, 0.5, 0.48, 0.58, 0.48, 0.63, 0.82, 0.47, 0.22, 0.4, 0.21, 0.46, 0.58, 0.24, 0.25]
    left_swing_times: [0.29, 0.36, 0.3, 0.21, 0.21, 0.37, 0.54, 0.29, 0.39, 0.46, 0.51, 1.24, 0.27, 0.91, 0.43, 0.39, 1.28, 0.4, 0.32, 0.37, 0.56, 1.23, 0.57, 0.35, 0.86, 0.39, 0.3, 0.23, 0.29, 0.32, 0.26, 0.62, 0.66, 1.15, 0.61, 0.27, 0.21, 0.31, 0.34, 0.26, 0.47, 0.21, 1.12, 0.28, 0.22, 0.91, 0.63, 0.28, 0.3, 0.22, 0.47, 0.4, 0.21, 0.27, 1.06, 1.34, 0.25]
    right_swing_times: [0.24, 0.58, 0.37, 0.49, 0.21, 0.23, 0.29, 0.36, 0.23, 0.32, 0.39, 1.02, 0.28, 0.34, 0.65, 0.4, 0.39, 0.49, 0.27, 0.26, 0.57, 0.23, 0.28, 0.23, 0.23, 0.44, 0.36, 0.21, 0.64, 0.29, 0.32, 0.59, 0.56, 0.72, 0.4, 0.31, 0.23, 0.77, 0.45, 0.4, 0.5, 0.48, 0.58, 0.38, 0.48, 0.82, 0.47, 0.76, 1.03, 0.46, 0.58, 0.24, 0.94, 0.32]
    double_support_times: [0.0, 0.0, 0.0, 0.0, 0.0, 0.0, 0.0, 0.0, 0.0, 0.0, 0.0, 0.0, 0.0, 0.0, 0.0, 0.0, 0.0, 0.0, 0.0, 0.0, 0.0, 0.0, 0.0, 0.0, 0.0, 0.0, 0.0, 0.0, 0.0, 0.0, 0.0, 0.0, 0.0, 0.0, 0.0, 0.0, 0.0, 0.0, 0.0, 0.0, 0.0, 0.0, 0.0, 0.0, 0.0, 0.0, 0.0, 0.0, 0.0, 0.0, 0.0, 0.0, 0.0, 0.0]
    single_support_times: [0.29, 0.58, 0.21, 0.21, 0.49, 0.21, 0.29, 0.36, 0.46, 0.32, 0.39, 1.24, 0.34, 0.4, 0.39, 0.91, 1.28, 0.4, 0.32, 0.56, 0.57, 0.23, 0.86, 0.28, 0.23, 0.29, 0.44, 0.36, 0.64, 0.29, 0.62, 0.66, 1.15, 0.4, 0.31, 0.23, 0.21, 0.34, 0.26, 0.4, 1.12, 0.28, 0.22, 0.38, 0.91, 0.28, 0.3, 0.76, 0.47, 1.03, 0.27, 1.06, 1.34, 0.94]
    exercise_duration_seconds: 62.39
    mean_stride_time: 1.9941176470588236
    std_stride_time: 0.6653840891989901

