total_metrics:
  total_metrics_head:
    number_of_movements: 46
    pace_movements_per_second: 0.7372976438531816
    mean_range_degrees: 27.438812772461027
    std_range_degrees: 14.520324310219143
    mean_duration_seconds: 0.6391304347826088
    std_duration_seconds: 0.18166912642929878

  gait:
    total_steps: 0
    stride_times: [0.99, 1.2, 1.13, 1.27, 1.42, 2.05, 1.95, 2.37, 2.17, 1.22, 2.37, 2.13, 1.4, 1.15, 1.76, 2.02, 1.88, 2.71, 2.09, 1.49, 2.55, 2.27, 2.08, 3.52, 2.2, 2.7, 1.8399999999999999, 1.0, 2.25, 0.91, 0.95, 1.21, 3.39, 3.38, 1.0, 1.96, 2.07]
    cadence: 0.0
    left_stance_times: [0.34, 0.26, 0.25, 0.53, 0.24, 0.33, 0.49, 0.23, 0.52, 0.37, 0.32, 0.34, 0.51, 0.24, 0.67, 0.41, 0.37, 0.45, 0.33, 0.23, 0.24, 0.34, 1.05, 0.37, 0.59, 0.25, 0.63, 0.47, 0.42, 0.25, 0.29, 0.6, 0.29, 0.38, 0.41, 0.25, 0.74, 0.25, 0.46, 0.38, 0.23, 0.23, 0.77, 0.27, 0.38, 0.89, 0.31, 0.3, 0.27, 1.09, 0.28, 0.36, 0.46, 0.31, 0.66, 0.38, 0.52, 0.35, 0.53, 0.36, 0.44]
    right_stance_times: [1.4, 0.5, 0.33, 0.28, 1.04, 0.63, 0.39, 0.35, 0.21, 0.73, 0.83, 0.46, 0.39, 0.37, 0.27, 0.37, 0.41, 0.57, 0.95, 0.97, 0.44, 0.24, 0.54, 0.56, 0.91, 1.0, 0.36, 0.59, 0.23, 0.22, 0.77, 0.43, 0.41, 0.34, 0.43, 0.87, 0.88, 0.27, 0.7, 0.39, 0.52, 0.21, 0.34, 0.37, 0.22, 0.48, 0.34, 0.21, 0.34, 0.28, 0.34, 0.22, 0.32, 0.45, 0.36]
    left_swing_times: [0.26, 0.5, 0.33, 0.53, 0.24, 1.04, 0.52, 0.37, 0.32, 0.83, 0.46, 0.39, 0.37, 0.37, 0.33, 0.41, 0.57, 0.34, 1.05, 0.37, 0.44, 0.24, 0.25, 0.56, 0.47, 0.42, 0.25, 0.29, 0.29, 0.23, 0.38, 0.77, 0.74, 0.41, 0.34, 0.43, 0.23, 0.88, 0.77, 0.27, 0.39, 0.52, 0.31, 0.3, 0.34, 0.28, 0.36, 0.48, 0.46, 0.31, 0.34, 0.34, 0.22, 0.53, 0.44, 0.36]
    right_swing_times: [0.34, 1.4, 0.25, 0.28, 0.33, 0.63, 0.49, 0.39, 0.23, 0.35, 0.21, 0.73, 0.34, 0.51, 0.24, 0.67, 0.41, 0.37, 0.27, 0.45, 0.23, 0.24, 0.95, 0.97, 0.59, 0.54, 0.63, 0.91, 1.0, 0.36, 0.6, 0.59, 0.22, 0.41, 0.25, 0.43, 0.25, 0.46, 0.38, 0.87, 0.23, 0.27, 0.7, 0.38, 0.89, 0.21, 0.27, 1.09, 0.37, 0.22, 0.34, 0.21, 0.66, 0.38, 0.28, 0.52, 0.35, 0.32, 0.36, 0.45]
    double_support_times: [0.0, 0.0, 0.0, 0.0, 0.0, 0.0, 0.0, 0.0, 0.0, 0.0, 0.0, 0.0, 0.0, 0.0, 0.0, 0.0, 0.0, 0.0, 0.0, 0.0, 0.0, 0.0, 0.0, 0.0, 0.0, 0.0, 0.0, 0.0, 0.0, 0.0, 0.0, 0.0, 0.0, 0.0, 0.0, 0.0, 0.0, 0.0, 0.0, 0.0, 0.0, 0.0, 0.0, 0.0, 0.0, 0.0, 0.0, 0.0, 0.0, 0.0, 0.0, 0.0, 0.0, 0.0, 0.0]
    single_support_times: [0.34, 0.26, 0.25, 0.53, 0.24, 0.33, 0.49, 0.52, 0.37, 0.32, 0.34, 0.24, 0.67, 0.41, 0.37, 0.45, 0.33, 0.23, 0.24, 1.05, 0.37, 0.59, 0.25, 0.63, 0.47, 0.42, 0.25, 0.6, 0.29, 0.38, 0.41, 0.25, 0.74, 0.25, 0.46, 0.38, 0.23, 0.77, 0.27, 0.38, 0.89, 0.31, 0.27, 1.09, 0.28, 0.36, 0.46, 0.31, 0.66, 0.38, 0.52, 0.35, 0.53, 0.36, 0.44]
    exercise_duration_seconds: 62.39
    mean_stride_time: 1.893243243243243
    std_stride_time: 0.693460005098032

