total_metrics:
  total_metrics_head:
    number_of_movements: 38
    pace_movements_per_second: 0.6095604748155277
    mean_range_degrees: 28.817933916855683
    std_range_degrees: 15.068565481195929
    mean_duration_seconds: 0.7405263157894736
    std_duration_seconds: 0.21439982059821372

  Gait Cycle:
    total_steps: 0
    stride_times: [1.08, 1.05, 1.47, 1.32, 1.09, 1.11, 1.79, 1.5899999999999999, 3.52, 3.77, 1.7, 1.58, 1.8900000000000001, 2.16, 1.1, 1.38, 2.32, 2.14, 1.45, 1.75, 1.28, 0.93, 1.26, 1.1, 2.11, 2.36, 2.13, 2.99, 1.67, 0.97, 1.8, 2.44, 2.1]
    cadence: 0.0
    left_stance_times: [0.4, 0.43, 0.27, 0.32, 0.26, 0.78, 0.82, 0.29, 0.54, 0.45, 0.56, 0.47, 0.44, 0.52, 0.39, 0.23, 0.46, 0.42, 0.29, 0.5, 0.3, 0.42, 0.44, 0.44, 0.27, 0.52, 0.42, 0.32, 0.78, 0.22, 0.29, 0.45, 0.24, 0.57, 0.21, 0.69, 0.37, 0.21, 0.49, 0.21, 0.49, 0.22, 0.42, 0.48, 0.76, 0.84, 0.35, 0.29, 0.35, 1.2, 0.26, 0.28]
    right_stance_times: [0.26, 0.24, 0.26, 0.25, 0.22, 0.21, 0.62, 0.77, 0.3, 0.3, 0.37, 0.22, 0.67, 0.24, 0.74, 0.5, 0.51, 0.3, 0.26, 0.51, 0.27, 0.4, 0.28, 0.3, 1.15, 0.5, 0.54, 0.5, 0.28, 0.47, 0.26, 1.2, 0.27, 0.3, 0.23, 0.23, 0.31, 0.57, 0.86, 0.83, 0.59, 0.67, 0.29, 0.28, 0.33, 0.47, 0.49, 0.53]
    left_swing_times: [0.24, 0.26, 0.25, 0.22, 0.21, 0.82, 0.62, 0.3, 0.45, 0.56, 0.47, 0.44, 0.24, 0.23, 0.46, 0.29, 0.5, 0.51, 0.42, 0.44, 0.27, 0.3, 1.15, 0.5, 0.54, 0.78, 0.22, 0.29, 0.24, 0.57, 1.2, 0.37, 0.21, 0.49, 0.21, 0.57, 0.22, 0.83, 0.48, 0.76, 0.84, 0.28, 0.29, 0.35, 0.47, 1.2, 0.26, 0.28]
    right_swing_times: [0.4, 0.26, 0.43, 0.27, 0.32, 0.26, 0.78, 0.29, 0.77, 0.54, 0.3, 0.37, 0.22, 0.67, 0.52, 0.39, 0.74, 0.5, 0.51, 0.42, 0.3, 0.26, 0.3, 0.27, 0.44, 0.4, 0.28, 0.52, 0.42, 0.32, 0.5, 0.28, 0.45, 0.47, 0.26, 0.21, 0.27, 0.69, 0.3, 0.23, 0.23, 0.31, 0.49, 0.86, 0.42, 0.59, 0.67, 0.29, 0.35, 0.33, 0.49, 0.53]
    double_support_times: [0.0, 0.0, 0.0, 0.0, 0.0, 0.0, 0.0, 0.0, 0.0, 0.0, 0.0, 0.0, 0.0, 0.0, 0.0, 0.0, 0.0, 0.0, 0.0, 0.0, 0.0, 0.0, 0.0, 0.0, 0.0, 0.0, 0.0, 0.0, 0.0, 0.0, 0.0, 0.0, 0.0, 0.0, 0.0, 0.0, 0.0, 0.0, 0.0, 0.0, 0.0, 0.0, 0.0, 0.0, 0.0, 0.0, 0.0, 0.0]
    single_support_times: [0.4, 0.43, 0.27, 0.32, 0.26, 0.78, 0.82, 0.29, 0.54, 0.45, 0.56, 0.47, 0.44, 0.52, 0.39, 0.23, 0.46, 0.29, 0.5, 0.3, 0.42, 0.44, 0.44, 0.27, 0.52, 0.42, 0.32, 0.78, 0.29, 0.45, 0.24, 0.57, 0.21, 0.69, 0.37, 0.21, 0.49, 0.21, 0.49, 0.22, 0.42, 0.48, 0.84, 0.35, 0.29, 0.35, 1.2, 0.26]
    exercise_duration_seconds: 62.34
    mean_stride_time: 1.7696969696969698
    std_stride_time: 0.6870247000477244

