total_metrics:
  total_metrics_head:
    number_of_movements: 22
    pace_movements_per_second: 0.6688963210702341
    mean_range_degrees: 32.107506676687585
    std_range_degrees: 18.52907569887052
    mean_duration_seconds: 0.7250000000000001
    std_duration_seconds: 0.3126347328600522

  gait:
    total_steps: 0
    stride_times: [1.69, 2.83, 2.33, 1.58, 2.91, 2.13, 1.15, 2.82, 1.03, 1.8, 1.8199999999999998, 0.77, 1.45, 1.5699999999999998, 1.19, 3.16]
    cadence: 0.0
    left_stance_times: [0.23, 1.1400000000000001, 0.62, 0.38, 0.51, 0.62, 0.25, 0.41, 0.46, 1.37, 0.88, 0.25, 0.41, 0.47, 0.3, 0.25, 0.59, 0.42, 0.57, 0.28, 0.65, 0.39, 0.89, 0.5, 0.33, 0.28]
    right_stance_times: [0.3, 0.74, 0.61, 0.33, 0.5, 0.44, 0.29, 0.41, 0.29, 0.32, 0.35, 0.52, 0.47, 0.4, 0.94, 0.34, 0.38, 0.64, 0.29, 0.3, 0.36, 0.26, 0.49, 0.74]
    left_swing_times: [0.23, 0.3, 0.74, 0.61, 0.33, 0.29, 0.41, 0.29, 0.32, 0.88, 0.35, 0.47, 0.3, 0.25, 0.94, 0.34, 0.42, 0.38, 0.64, 0.28, 0.65, 0.26, 0.33, 0.49]
    right_swing_times: [1.1400000000000001, 0.62, 0.38, 0.51, 0.5, 0.62, 0.44, 0.25, 0.41, 0.46, 1.37, 0.25, 0.52, 0.41, 0.47, 0.4, 0.59, 0.57, 0.29, 0.3, 0.39, 0.36, 0.89, 0.5, 0.28, 0.74]
    double_support_times: [0.0, 0.0, 0.0, 0.0, 0.0, 0.0, 0.0, 0.0, 0.0, 0.0, 0.0, 0.0, 0.0, 0.0, 0.0, 0.0, 0.0, 0.0, 0.0, 0.0, 0.0, 0.0, 0.0, 0.0]
    single_support_times: [0.23, 1.1400000000000001, 0.62, 0.38, 0.51, 0.62, 0.25, 0.41, 0.46, 1.37, 0.88, 0.25, 0.41, 0.3, 0.25, 0.59, 0.42, 0.57, 0.28, 0.65, 0.39, 0.89, 0.33, 0.28]
    exercise_duration_seconds: 32.89
    mean_stride_time: 1.8893750000000002
    std_stride_time: 0.7128154455221913

