total_metrics:
  total_metrics_head:
    number_of_movements: 9
    pace_movements_per_second: 0.5576208178438662
    mean_range_degrees: 39.52108644899606
    std_range_degrees: 16.755974866319942
    mean_duration_seconds: 0.7966666666666666
    std_duration_seconds: 0.22726636354727026

  gait:
    total_steps: 0
    stride_times: [2.66, 2.13, 1.3, 2.07, 1.99, 0.8, 1.19, 1.41, 1.37]
    cadence: 0.0
    left_stance_times: [0.35, 0.21, 0.51, 0.75, 0.48, 0.3, 0.71, 0.29, 0.48, 0.62, 0.4, 0.41, 0.31, 0.57]
    right_stance_times: [0.33, 0.32, 0.23, 0.32, 0.71, 0.36, 0.59, 0.55, 0.29, 0.44, 0.33, 0.62, 0.21]
    left_swing_times: [0.35, 0.33, 0.23, 0.32, 0.71, 0.36, 0.59, 0.48, 0.29, 0.4, 0.44, 0.33, 0.62, 0.57]
    right_swing_times: [0.21, 0.32, 0.51, 0.75, 0.48, 0.3, 0.71, 0.29, 0.55, 0.62, 0.41, 0.31, 0.21]
    double_support_times: [0.0, 0.0, 0.0, 0.0, 0.0, 0.0, 0.0, 0.0, 0.0, 0.0, 0.0, 0.0, 0.0]
    single_support_times: [0.35, 0.21, 0.51, 0.75, 0.3, 0.71, 0.29, 0.48, 0.62, 0.4, 0.41, 0.31, 0.57]
    exercise_duration_seconds: 16.14
    mean_stride_time: 1.657777777777778
    std_stride_time: 0.5512163877941579

