total_metrics:
  total_metrics_head:
    number_of_movements: 34
    pace_movements_per_second: 0.7174509390166701
    mean_range_degrees: 28.12253201215069
    std_range_degrees: 15.343767976557881
    mean_duration_seconds: 0.6429411764705882
    std_duration_seconds: 0.1982580108322991

  gait:
    total_steps: 0
    stride_times: [0.99, 1.2, 1.13, 1.27, 1.42, 2.05, 1.95, 2.37, 2.17, 1.22, 2.37, 2.13, 1.4, 1.15, 1.76, 2.02, 1.88, 2.71, 2.09, 1.49, 2.55, 2.27, 2.08, 3.52]
    cadence: 0.0
    left_stance_times: [0.34, 0.26, 0.25, 0.53, 0.24, 0.33, 0.49, 0.23, 0.52, 0.37, 0.32, 0.34, 0.51, 0.24, 0.67, 0.41, 0.37, 0.45, 0.33, 0.23, 0.24, 0.34, 1.05, 0.37, 0.59, 0.25, 0.63, 0.47, 0.42, 0.25, 0.29, 0.6, 0.29, 0.38, 0.41, 0.25, 0.74, 0.25, 0.46, 0.38, 0.23, 0.23]
    right_stance_times: [1.4, 0.5, 0.33, 0.28, 1.04, 0.63, 0.39, 0.35, 0.21, 0.73, 0.83, 0.46, 0.39, 0.37, 0.27, 0.37, 0.41, 0.57, 0.95, 0.97, 0.44, 0.24, 0.54, 0.56, 0.91, 1.0, 0.36, 0.59, 0.23, 0.22, 0.77, 0.43, 0.41, 0.34, 0.43, 0.87, 0.88]
    left_swing_times: [0.26, 0.5, 0.33, 0.53, 0.24, 1.04, 0.52, 0.37, 0.32, 0.83, 0.46, 0.39, 0.37, 0.37, 0.33, 0.41, 0.57, 0.34, 1.05, 0.37, 0.44, 0.24, 0.25, 0.56, 0.47, 0.42, 0.25, 0.29, 0.29, 0.23, 0.38, 0.77, 0.74, 0.41, 0.34, 0.43, 0.23, 0.88]
    right_swing_times: [0.34, 1.4, 0.25, 0.28, 0.33, 0.63, 0.49, 0.39, 0.23, 0.35, 0.21, 0.73, 0.34, 0.51, 0.24, 0.67, 0.41, 0.37, 0.27, 0.45, 0.23, 0.24, 0.95, 0.97, 0.59, 0.54, 0.63, 0.91, 1.0, 0.36, 0.6, 0.59, 0.22, 0.41, 0.25, 0.43, 0.25, 0.46, 0.38, 0.87, 0.23]
    double_support_times: [0.0, 0.0, 0.0, 0.0, 0.0, 0.0, 0.0, 0.0, 0.0, 0.0, 0.0, 0.0, 0.0, 0.0, 0.0, 0.0, 0.0, 0.0, 0.0, 0.0, 0.0, 0.0, 0.0, 0.0, 0.0, 0.0, 0.0, 0.0, 0.0, 0.0, 0.0, 0.0, 0.0, 0.0, 0.0, 0.0, 0.0]
    single_support_times: [0.34, 0.26, 0.25, 0.53, 0.24, 0.33, 0.49, 0.52, 0.37, 0.32, 0.34, 0.24, 0.67, 0.41, 0.37, 0.45, 0.33, 0.23, 0.24, 1.05, 0.37, 0.59, 0.25, 0.63, 0.47, 0.42, 0.25, 0.6, 0.29, 0.38, 0.41, 0.25, 0.74, 0.25, 0.46, 0.38, 0.23]
    exercise_duration_seconds: 47.39
    mean_stride_time: 1.8829166666666666
    std_stride_time: 0.5954583610314177

