total_metrics:
  total_metrics_head:
    number_of_movements: 10
    pace_movements_per_second: 0.5422993492407808
    mean_range_degrees: 28.922939284088965
    std_range_degrees: 19.99068462189165
    mean_duration_seconds: 0.637
    std_duration_seconds: 0.12247902314727657

  gait:
    total_steps: 0
    stride_times: [2.43, 2.63, 2.2, 2.11, 1.6800000000000002]
    cadence: 0.0
    left_stance_times: [0.26, 0.24, 0.45, 0.45, 0.89, 0.49, 0.68, 0.6]
    right_stance_times: [0.27, 0.3, 0.62, 0.33, 0.29, 0.56, 0.46, 0.52]
    left_swing_times: [0.24, 0.62, 0.89, 0.49, 0.68, 0.6, 0.52]
    right_swing_times: [0.26, 0.27, 0.3, 0.45, 0.45, 0.33, 0.29, 0.56, 0.46]
    double_support_times: [0.0, 0.0, 0.0, 0.0, 0.0, 0.0, 0.0, 0.0]
    single_support_times: [0.26, 0.24, 0.45, 0.45, 0.89, 0.49, 0.68, 0.6]
    exercise_duration_seconds: 18.44
    mean_stride_time: 2.21
    std_stride_time: 0.32118530476969204

