total_metrics:
  total_metrics_head:
    number_of_movements: 37
    pace_movements_per_second: 0.6055646481178396
    mean_range_degrees: 37.241980081499584
    std_range_degrees: 17.93856472691438
    mean_duration_seconds: 0.7145945945945947
    std_duration_seconds: 0.21742935755211515

  gait:
    total_steps: 0
    stride_times: [2.66, 2.13, 1.3, 2.07, 1.99, 0.8, 1.19, 1.41, 1.37, 1.73, 1.69, 1.27, 2.98, 2.83, 1.35, 2.11, 2.45, 2.04, 2.13, 2.22, 2.9, 2.6, 1.81, 2.02, 1.74, 2.45, 1.47, 1.31, 1.3, 2.04, 2.51, 2.22]
    cadence: 0.0
    left_stance_times: [0.35, 0.21, 0.51, 0.75, 0.48, 0.3, 0.71, 0.29, 0.48, 0.62, 0.4, 0.41, 0.31, 0.57, 0.36, 0.4, 0.22, 0.83, 0.34, 0.44, 0.29, 0.62, 0.43, 0.22, 0.25, 0.43, 0.58, 0.54, 0.24, 0.77, 0.44, 0.74, 0.41, 0.41, 0.31, 0.22, 0.27, 0.68, 0.54, 0.41, 1.0, 0.23, 0.75, 0.3, 0.37, 0.74, 0.41, 0.33, 0.46, 0.51, 0.38, 0.67, 0.46]
    right_stance_times: [0.33, 0.32, 0.23, 0.32, 0.71, 0.36, 0.59, 0.55, 0.29, 0.44, 0.33, 0.62, 0.21, 0.69, 0.32, 0.21, 0.43, 0.22, 0.29, 0.26, 0.25, 0.23, 0.23, 0.4, 0.46, 0.42, 0.26, 0.77, 0.7, 0.25, 0.35, 0.29, 0.45, 0.75, 0.44, 0.21, 0.37, 0.35, 0.22, 0.44, 0.36, 0.49, 0.94, 0.56, 0.87, 0.66, 0.51, 0.43, 0.7]
    left_swing_times: [0.35, 0.33, 0.23, 0.32, 0.71, 0.36, 0.59, 0.48, 0.29, 0.4, 0.44, 0.33, 0.62, 0.57, 0.36, 0.4, 0.22, 0.83, 0.34, 0.44, 0.29, 0.25, 0.23, 0.23, 0.4, 0.46, 0.24, 0.77, 0.44, 0.74, 0.41, 0.29, 0.22, 0.68, 0.54, 0.37, 1.0, 0.22, 0.75, 0.3, 0.37, 0.74, 0.41, 0.33, 0.87, 0.46, 0.66, 0.38, 0.67, 0.46]
    right_swing_times: [0.21, 0.32, 0.51, 0.75, 0.48, 0.3, 0.71, 0.29, 0.55, 0.62, 0.41, 0.31, 0.21, 0.69, 0.32, 0.21, 0.43, 0.22, 0.29, 0.26, 0.62, 0.43, 0.22, 0.25, 0.43, 0.58, 0.54, 0.42, 0.26, 0.77, 0.7, 0.25, 0.35, 0.41, 0.31, 0.45, 0.75, 0.27, 0.44, 0.21, 0.41, 0.35, 0.23, 0.44, 0.36, 0.49, 0.94, 0.56, 0.51, 0.51, 0.43, 0.7]
    double_support_times: [0.0, 0.0, 0.0, 0.0, 0.0, 0.0, 0.0, 0.0, 0.0, 0.0, 0.0, 0.0, 0.0, 0.0, 0.0, 0.0, 0.0, 0.0, 0.0, 0.0, 0.0, 0.0, 0.0, 0.0, 0.0, 0.0, 0.0, 0.0, 0.0, 0.0, 0.0, 0.0, 0.0, 0.0, 0.0, 0.0, 0.0, 0.0, 0.0, 0.0, 0.0, 0.0, 0.0, 0.0, 0.0, 0.0, 0.0, 0.0, 0.0]
    single_support_times: [0.35, 0.21, 0.51, 0.75, 0.3, 0.71, 0.29, 0.48, 0.62, 0.4, 0.41, 0.31, 0.57, 0.36, 0.4, 0.22, 0.83, 0.34, 0.44, 0.29, 0.62, 0.43, 0.22, 0.25, 0.43, 0.54, 0.24, 0.77, 0.44, 0.74, 0.41, 0.41, 0.31, 0.22, 0.27, 0.68, 0.54, 0.41, 1.0, 0.23, 0.75, 0.3, 0.74, 0.41, 0.33, 0.46, 0.51, 0.38, 0.67]
    exercise_duration_seconds: 61.1
    mean_stride_time: 1.9403124999999999
    std_stride_time: 0.552366977057599

