total_metrics:
  total_metrics_head:
    number_of_movements: 21
    pace_movements_per_second: 0.6491499227202473
    mean_range_degrees: 29.518355490486346
    std_range_degrees: 14.07361120477537
    mean_duration_seconds: 0.6623809523809525
    std_duration_seconds: 0.12409289914837035

  gait:
    total_steps: 0
    stride_times: [1.22, 2.08, 2.12, 2.0, 2.11, 1.6600000000000001, 2.65, 2.04, 1.1400000000000001, 1.23, 0.94, 0.95, 1.13, 1.12, 1.01, 0.84, 1.3, 1.22, 0.74, 1.1400000000000001, 1.3900000000000001]
    cadence: 0.0
    left_stance_times: [0.33, 0.27, 0.45, 0.3, 0.45, 0.23, 0.33, 0.25, 0.39, 0.84, 0.26, 0.24, 0.38, 0.47, 0.46, 0.36, 0.68, 0.29, 0.24, 0.52, 0.31, 0.22, 0.29, 0.34, 0.49, 0.38, 0.21, 0.45, 0.21, 0.28]
    right_stance_times: [0.6, 0.66, 0.21, 1.2, 0.68, 0.25, 0.39, 0.79, 0.25, 0.43, 0.46, 0.22, 0.73, 0.76, 0.48, 0.5, 0.39, 0.43, 0.36, 0.24, 0.69, 0.4, 0.59, 0.49, 0.3, 0.43, 0.22]
    left_swing_times: [0.33, 0.6, 0.66, 0.21, 1.2, 0.68, 0.25, 0.39, 0.84, 0.43, 0.38, 0.22, 0.36, 0.76, 0.52, 0.39, 0.43, 0.36, 0.29, 0.34, 0.69, 0.49, 0.4, 0.38, 0.21, 0.49, 0.45, 0.21, 0.28]
    right_swing_times: [0.27, 0.45, 0.3, 0.45, 0.23, 0.33, 0.25, 0.39, 0.79, 0.25, 0.26, 0.24, 0.46, 0.47, 0.46, 0.73, 0.68, 0.48, 0.29, 0.24, 0.5, 0.31, 0.22, 0.24, 0.59, 0.3, 0.43, 0.22]
    double_support_times: [0.0, 0.0, 0.0, 0.0, 0.0, 0.0, 0.0, 0.0, 0.0, 0.0, 0.0, 0.0, 0.0, 0.0, 0.0, 0.0, 0.0, 0.0, 0.0, 0.0, 0.0, 0.0, 0.0, 0.0, 0.0, 0.0, 0.0]
    single_support_times: [0.33, 0.27, 0.3, 0.45, 0.23, 0.33, 0.25, 0.39, 0.84, 0.24, 0.38, 0.47, 0.46, 0.36, 0.68, 0.24, 0.52, 0.31, 0.22, 0.29, 0.34, 0.49, 0.38, 0.21, 0.45, 0.21, 0.28]
    exercise_duration_seconds: 32.35
    mean_stride_time: 1.43
    std_stride_time: 0.5150774329212666

