total_metrics:
  total_metrics_head:
    number_of_movements: 21
    pace_movements_per_second: 0.6483482556344551
    mean_range_degrees: 29.23384002238285
    std_range_degrees: 14.638113339518327
    mean_duration_seconds: 0.6809523809523809
    std_duration_seconds: 0.18833227981163406

  gait:
    total_steps: 0
    stride_times: [1.51, 2.09, 1.92, 1.3900000000000001, 1.5899999999999999, 3.16, 2.14, 1.19, 2.01, 1.46, 1.55, 2.27, 2.33, 1.35, 1.22, 1.29]
    cadence: 0.0
    left_stance_times: [0.29, 0.58, 0.3, 0.21, 0.21, 0.49, 0.21, 0.29, 0.36, 0.46, 0.32, 0.39, 1.24, 0.34, 0.4, 0.39, 0.91, 0.39, 1.28, 0.4, 0.32, 0.56, 0.57, 0.23, 0.86, 0.28]
    right_stance_times: [0.24, 0.36, 0.37, 0.37, 0.54, 0.23, 0.29, 0.39, 0.23, 0.51, 1.02, 0.28, 0.65, 0.27, 0.49, 0.43, 0.27, 0.26, 0.37, 1.23, 0.57, 0.35, 0.39, 0.3]
    left_swing_times: [0.29, 0.36, 0.3, 0.21, 0.21, 0.37, 0.54, 0.29, 0.39, 0.46, 0.51, 1.24, 0.27, 0.91, 0.43, 0.39, 1.28, 0.4, 0.32, 0.37, 0.56, 1.23, 0.57, 0.35, 0.86, 0.39, 0.3]
    right_swing_times: [0.24, 0.58, 0.37, 0.49, 0.21, 0.23, 0.29, 0.36, 0.23, 0.32, 0.39, 1.02, 0.28, 0.34, 0.65, 0.4, 0.39, 0.49, 0.27, 0.26, 0.57, 0.23, 0.28]
    double_support_times: [0.0, 0.0, 0.0, 0.0, 0.0, 0.0, 0.0, 0.0, 0.0, 0.0, 0.0, 0.0, 0.0, 0.0, 0.0, 0.0, 0.0, 0.0, 0.0, 0.0, 0.0, 0.0, 0.0, 0.0]
    single_support_times: [0.29, 0.58, 0.21, 0.21, 0.49, 0.21, 0.29, 0.36, 0.46, 0.32, 0.39, 1.24, 0.34, 0.4, 0.39, 0.91, 1.28, 0.4, 0.32, 0.56, 0.57, 0.23, 0.86, 0.28]
    exercise_duration_seconds: 32.39
    mean_stride_time: 1.779375
    std_stride_time: 0.5152847362138724

