total_metrics:
  total_metrics_head:
    number_of_movements: 10
    pace_movements_per_second: 0.691085003455425
    mean_range_degrees: 25.861180026394457
    std_range_degrees: 16.559439395216472
    mean_duration_seconds: 0.6759999999999999
    std_duration_seconds: 0.24019436574019246

  gait:
    total_steps: 0
    stride_times: [1.42, 1.55, 2.17, 2.08, 1.1400000000000001, 0.99, 2.41]
    cadence: 0.0
    left_stance_times: [0.4, 0.21, 0.49, 0.28, 0.25, 0.25, 0.27, 0.21, 0.32, 0.36, 0.49, 0.83]
    right_stance_times: [0.46, 0.29, 0.48, 0.88, 0.29, 0.46, 0.27, 0.25, 0.42, 0.24, 0.49, 0.71]
    left_swing_times: [0.46, 0.29, 0.48, 0.88, 0.25, 0.27, 0.27, 0.25, 0.42, 0.36, 0.49, 0.71]
    right_swing_times: [0.4, 0.21, 0.49, 0.28, 0.25, 0.29, 0.46, 0.21, 0.32, 0.24, 0.49, 0.83]
    double_support_times: [0.0, 0.0, 0.0, 0.0, 0.0, 0.0, 0.0, 0.0, 0.0, 0.0, 0.0, 0.0]
    single_support_times: [0.4, 0.21, 0.49, 0.28, 0.25, 0.25, 0.27, 0.21, 0.32, 0.36, 0.49, 0.83]
    exercise_duration_seconds: 14.47
    mean_stride_time: 1.68
    std_stride_time: 0.5050035360555126

