total_metrics:
  total_metrics_head:
    number_of_movements: 18
    pace_movements_per_second: 0.6607929515418502
    mean_range_degrees: 24.278890819987442
    std_range_degrees: 16.15374273170437
    mean_duration_seconds: 0.6744444444444446
    std_duration_seconds: 0.2347519898361378

  gait:
    total_steps: 0
    stride_times: [1.42, 1.55, 2.17, 2.08, 1.1400000000000001, 0.99, 1.5899999999999999, 2.5300000000000002, 2.35, 1.49, 1.48, 1.28, 0.98, 0.8, 0.92, 1.08, 1.56]
    cadence: 0.0
    left_stance_times: [0.4, 0.21, 0.49, 0.28, 0.25, 0.25, 0.27, 0.21, 0.32, 0.36, 0.5, 0.23, 0.71, 0.46, 0.29, 0.27, 0.24, 0.28, 0.22, 0.3, 0.28, 0.3, 0.25, 0.33, 0.24, 0.26, 0.21, 0.44]
    right_stance_times: [0.46, 0.29, 0.48, 0.88, 0.29, 0.46, 0.27, 0.25, 0.42, 0.24, 0.83, 0.5, 0.27, 0.78, 0.41, 0.57, 0.37, 0.35, 0.46, 0.28, 0.45, 0.41, 0.21, 0.26, 0.64, 0.26, 0.58]
    left_swing_times: [0.46, 0.29, 0.48, 0.88, 0.25, 0.27, 0.27, 0.25, 0.42, 0.36, 0.5, 0.71, 0.5, 0.27, 0.29, 0.41, 0.57, 0.37, 0.28, 0.45, 0.41, 0.21, 0.24, 0.26, 0.64, 0.26, 0.58]
    right_swing_times: [0.4, 0.21, 0.49, 0.28, 0.25, 0.29, 0.46, 0.21, 0.32, 0.24, 0.23, 0.83, 0.46, 0.78, 0.27, 0.24, 0.28, 0.22, 0.35, 0.3, 0.46, 0.28, 0.3, 0.25, 0.33, 0.26, 0.21, 0.44]
    double_support_times: [0.0, 0.0, 0.0, 0.0, 0.0, 0.0, 0.0, 0.0, 0.0, 0.0, 0.0, 0.0, 0.0, 0.0, 0.0, 0.0, 0.0, 0.0, 0.0, 0.0, 0.0, 0.0, 0.0, 0.0, 0.0, 0.0, 0.0]
    single_support_times: [0.4, 0.21, 0.49, 0.28, 0.25, 0.25, 0.27, 0.21, 0.32, 0.36, 0.23, 0.71, 0.46, 0.29, 0.27, 0.24, 0.28, 0.22, 0.3, 0.28, 0.3, 0.25, 0.33, 0.24, 0.26, 0.21, 0.44]
    exercise_duration_seconds: 27.24
    mean_stride_time: 1.494705882352941
    std_stride_time: 0.502969039475871

