total_metrics:
  total_metrics_head:
    number_of_movements: 12
    pace_movements_per_second: 0.6692693809258227
    mean_range_degrees: 34.29146080535181
    std_range_degrees: 21.980828680289953
    mean_duration_seconds: 0.6908333333333333
    std_duration_seconds: 0.3555650645824406

  gait:
    total_steps: 0
    stride_times: [1.69, 2.83, 2.33, 1.58, 2.91]
    cadence: 0.0
    left_stance_times: [0.23, 1.1400000000000001, 0.62, 0.38, 0.51, 0.62, 0.25, 0.41, 0.46, 1.37]
    right_stance_times: [0.3, 0.74, 0.61, 0.33, 0.5, 0.44, 0.29, 0.41, 0.29, 0.32]
    left_swing_times: [0.23, 0.3, 0.74, 0.61, 0.33, 0.29, 0.41, 0.29, 0.32]
    right_swing_times: [1.1400000000000001, 0.62, 0.38, 0.51, 0.5, 0.62, 0.44, 0.25, 0.41, 0.46, 1.37]
    double_support_times: [0.0, 0.0, 0.0, 0.0, 0.0, 0.0, 0.0, 0.0, 0.0, 0.0]
    single_support_times: [0.23, 1.1400000000000001, 0.62, 0.38, 0.51, 0.62, 0.25, 0.41, 0.46, 1.37]
    exercise_duration_seconds: 17.93
    mean_stride_time: 2.268
    std_stride_time: 0.5548477268584598

