total_metrics:
  total_metrics_head:
    number_of_movements: 32
    pace_movements_per_second: 0.6766758299851977
    mean_range_degrees: 29.770728366731394
    std_range_degrees: 19.541042050090116
    mean_duration_seconds: 0.6671875
    std_duration_seconds: 0.21371120662873455

  gait:
    total_steps: 0
    stride_times: [3.16, 1.78, 1.87, 1.52, 1.0, 1.8199999999999998, 0.81, 1.56, 1.94, 1.34, 1.15, 2.15, 3.51, 3.69, 3.18, 2.03, 1.7, 1.74, 1.69, 3.46, 1.52]
    cadence: 0.0
    left_stance_times: [0.47, 0.28, 0.26, 0.43, 0.33, 0.22, 0.29, 0.38, 0.21, 0.43, 0.44, 0.82, 0.61, 0.43, 0.22, 0.26, 0.46, 0.25, 1.05, 0.73, 0.47, 0.87, 0.34, 0.29, 0.37, 0.21, 0.32, 0.35, 0.39, 0.24, 0.52, 0.26, 0.62, 0.25, 0.46, 0.31, 1.07, 0.61, 0.35, 0.62]
    right_stance_times: [0.28, 0.37, 0.36, 0.8, 0.29, 0.72, 0.62, 0.47, 0.27, 0.49, 0.77, 0.28, 0.28, 0.29, 0.28, 0.53, 0.25, 0.31, 0.61, 0.21, 0.62, 0.27, 0.33, 0.5, 0.58, 0.55, 0.49, 0.54, 0.32, 0.68, 0.38, 0.94, 0.71, 0.45, 0.88, 0.23, 0.24]
    left_swing_times: [0.28, 0.26, 0.29, 0.29, 0.38, 0.21, 0.49, 0.44, 0.77, 0.82, 0.28, 0.43, 0.29, 0.28, 0.53, 0.25, 0.31, 1.05, 0.73, 0.87, 0.29, 0.21, 0.58, 0.49, 0.24, 0.52, 0.26, 0.62, 0.94, 0.31, 0.61, 0.35, 0.62]
    right_swing_times: [0.47, 0.28, 0.37, 0.36, 0.43, 0.8, 0.33, 0.22, 0.72, 0.62, 0.47, 0.27, 0.43, 0.28, 0.61, 0.22, 0.26, 0.46, 0.25, 0.61, 0.21, 0.47, 0.62, 0.27, 0.34, 0.33, 0.37, 0.5, 0.32, 0.55, 0.35, 0.39, 0.54, 0.32, 0.68, 0.38, 0.25, 0.71, 0.46, 0.45, 1.07, 0.88, 0.23, 0.24]
    double_support_times: [0.0, 0.0, 0.0, 0.0, 0.0, 0.0, 0.0, 0.0, 0.0, 0.0, 0.0, 0.0, 0.0, 0.0, 0.0, 0.0, 0.0, 0.0, 0.0, 0.0, 0.0, 0.0, 0.0, 0.0, 0.0, 0.0, 0.0, 0.0, 0.0, 0.0, 0.0, 0.0, 0.0, 0.0, 0.0, 0.0, 0.0]
    single_support_times: [0.47, 0.28, 0.26, 0.43, 0.33, 0.22, 0.29, 0.38, 0.21, 0.43, 0.44, 0.82, 0.61, 0.43, 0.22, 0.26, 0.46, 0.25, 1.05, 0.73, 0.47, 0.87, 0.34, 0.37, 0.21, 0.32, 0.35, 0.39, 0.24, 0.52, 0.26, 0.62, 0.25, 0.31, 1.07, 0.61, 0.35]
    exercise_duration_seconds: 47.29
    mean_stride_time: 2.02952380952381
    std_stride_time: 0.8336521838985494

