total_metrics:
  total_metrics_head:
    number_of_movements: 27
    pace_movements_per_second: 0.5939287285525737
    mean_range_degrees: 15.435960075610767
    std_range_degrees: 7.339710116733779
    mean_duration_seconds: 0.5966662962962963
    std_duration_seconds: 0.22661388318354242

  Gait Cycle:
    total_steps: 0
    stride_times: [3.19, 3.17, 3.33, 3.45, 3.79, 3.19, 3.14, 3.48, 3.24, 3.27]
    cadence: 0.0
    left_stance_times: [0.86, 0.71, 0.77, 0.77, 0.82, 1.06, 0.92, 0.87, 0.92, 0.76, 0.91, 0.87, 0.81, 0.78, 0.76, 0.95]
    right_stance_times: [0.94, 0.82, 0.67, 1.01, 1.09, 0.93, 0.75, 0.75, 0.82, 0.91, 0.8, 0.81, 0.84, 0.8]
    left_swing_times: [0.86, 0.71, 0.77, 0.77, 0.82, 1.06, 0.92, 0.75, 0.75, 0.82, 0.91, 0.8, 0.81, 0.78, 0.76, 0.95]
    right_swing_times: [0.94, 0.82, 0.67, 1.01, 1.09, 0.93, 0.87, 0.92, 0.76, 0.91, 0.87, 0.81, 0.84, 0.8]
    double_support_times: [0.0, 0.0, 0.0, 0.0, 0.0, 0.0, 0.0, 0.0, 0.0, 0.0, 0.0, 0.0, 0.0, 0.0]
    single_support_times: [0.86, 0.71, 0.77, 0.77, 0.82, 1.06, 0.87, 0.92, 0.76, 0.91, 0.87, 0.81, 0.78, 0.76]
    exercise_duration_seconds: 45.46
    mean_stride_time: 3.3250000000000006
    std_stride_time: 0.18996052221448542

