total_metrics:
  total_metrics_head:
    number_of_movements: 20
    pace_movements_per_second: 0.6174745291756715
    mean_range_degrees: 27.40279355063729
    std_range_degrees: 14.404013297541452
    mean_duration_seconds: 0.6990000000000001
    std_duration_seconds: 0.26903140102382495

  gait:
    total_steps: 0
    stride_times: [1.22, 0.97, 1.49, 2.41, 2.14, 1.7, 1.69, 0.96, 1.6, 1.58, 0.77, 1.43, 2.55, 4.27, 3.19, 1.1, 1.41, 1.8599999999999999, 1.3, 0.93, 1.3, 2.87, 2.93, 1.73]
    cadence: 0.0
    left_stance_times: [0.42, 0.26, 0.41, 0.37, 0.21, 0.29, 0.21, 0.25, 0.43, 0.48, 0.23, 0.24, 0.36, 0.42, 0.42, 1.11, 0.29, 1.01, 0.21, 0.41, 0.21, 0.31, 0.73, 0.33, 0.32, 0.25, 0.24, 0.4, 0.23, 0.28, 0.44, 0.41]
    right_stance_times: [0.65, 0.21, 0.87, 0.32, 0.29, 0.32, 0.58, 0.89, 0.4, 0.24, 0.4, 0.34, 0.24, 0.53, 0.55, 0.67, 0.29, 0.25, 0.39, 0.21, 0.27, 0.3, 0.43, 0.36, 0.24, 0.56, 0.75, 0.3, 0.5, 0.36, 0.64]
    left_swing_times: [0.42, 0.65, 0.21, 0.41, 0.37, 0.29, 0.58, 0.89, 0.43, 0.48, 0.23, 0.4, 0.24, 0.42, 0.53, 0.42, 0.55, 0.67, 0.25, 0.39, 0.41, 0.21, 0.31, 0.73, 0.43, 0.32, 0.24, 0.56, 0.75, 0.3, 0.28, 0.36, 0.44, 0.41]
    right_swing_times: [0.26, 0.87, 0.32, 0.21, 0.29, 0.32, 0.21, 0.25, 0.4, 0.24, 0.24, 0.34, 0.36, 1.11, 0.29, 0.29, 1.01, 0.21, 0.21, 0.27, 0.3, 0.33, 0.36, 0.25, 0.24, 0.4, 0.23, 0.5, 0.64]
    double_support_times: [0.0, 0.0, 0.0, 0.0, 0.0, 0.0, 0.0, 0.0, 0.0, 0.0, 0.0, 0.0, 0.0, 0.0, 0.0, 0.0, 0.0, 0.0, 0.0, 0.0, 0.0, 0.0, 0.0, 0.0, 0.0, 0.0, 0.0, 0.0, 0.0, 0.0, 0.0]
    single_support_times: [0.42, 0.26, 0.41, 0.37, 0.21, 0.29, 0.21, 0.25, 0.43, 0.48, 0.23, 0.24, 0.36, 0.42, 0.42, 1.11, 0.29, 1.01, 0.21, 0.41, 0.21, 0.31, 0.73, 0.33, 0.32, 0.25, 0.24, 0.4, 0.23, 0.28, 0.44]
    exercise_duration_seconds: 32.39
    mean_stride_time: 1.8083333333333333
    std_stride_time: 0.8303145321034807

