total_metrics:
  total_metrics_head:
    number_of_movements: 37
    pace_movements_per_second: 0.5939958259752769
    mean_range_degrees: 32.24624493041286
    std_range_degrees: 15.403569441891353
    mean_duration_seconds: 0.7608108108108109
    std_duration_seconds: 0.2397727903474266

  gait:
    total_steps: 0
    stride_times: [1.5699999999999998, 1.4, 1.65, 0.97, 1.15, 1.26, 1.32, 2.07, 3.07, 2.05, 0.58, 1.8, 2.08, 1.28, 1.29, 1.3599999999999999, 2.01, 1.75, 1.11, 1.67, 1.58, 0.63, 1.18, 1.6600000000000001, 1.96, 1.8599999999999999, 1.72, 1.08, 0.9, 1.12, 3.45, 1.45, 2.21, 2.93, 2.63, 2.04, 1.5699999999999998, 1.32]
    cadence: 0.0
    left_stance_times: [0.88, 0.44, 0.35, 0.61, 0.49, 0.23, 0.29, 0.4, 0.35, 0.63, 0.42, 0.23, 0.23, 0.21, 0.35, 0.28, 0.31, 0.74, 0.28, 0.36, 0.35, 0.91, 0.37, 0.26, 0.38, 0.21, 0.35, 0.31, 0.34, 0.29, 0.47, 0.36, 0.21, 0.24, 0.35, 0.4, 0.21, 0.36, 0.27, 0.24, 0.92, 0.41, 0.6, 0.21, 0.27, 0.24, 0.52, 0.32, 0.26, 0.72, 0.56, 0.26, 0.25, 0.77, 0.26, 0.32, 0.21]
    right_stance_times: [0.26, 0.23, 0.26, 0.34, 0.52, 0.35, 0.24, 0.46, 0.6, 0.74, 0.24, 1.32, 0.35, 0.59, 0.33, 0.32, 0.34, 0.37, 0.34, 0.33, 0.45, 0.23, 0.74, 0.73, 0.22, 0.65, 0.35, 0.24, 0.37, 0.45, 0.48, 0.36, 0.43, 0.5, 0.28, 0.24, 0.52, 0.65, 0.41, 0.49, 0.67, 0.23, 0.27, 0.25, 0.26, 0.42, 0.73, 0.49, 0.27, 0.25, 0.21, 0.34]
    left_swing_times: [0.88, 0.23, 0.35, 0.34, 0.49, 0.52, 0.35, 0.24, 0.46, 0.63, 0.24, 0.23, 1.32, 0.35, 0.59, 0.35, 0.33, 0.31, 0.34, 0.37, 0.28, 0.36, 0.35, 0.45, 0.23, 0.37, 0.74, 0.22, 0.21, 0.35, 0.35, 0.34, 0.29, 0.45, 0.48, 0.24, 0.35, 0.5, 0.4, 0.21, 0.24, 0.52, 0.65, 0.21, 0.27, 0.24, 0.27, 0.26, 0.42, 0.26, 0.27, 0.25, 0.21, 0.21]
    right_swing_times: [0.26, 0.44, 0.26, 0.61, 0.23, 0.29, 0.4, 0.35, 0.6, 0.74, 0.42, 0.23, 0.21, 0.28, 0.32, 0.74, 0.34, 0.33, 0.91, 0.26, 0.73, 0.38, 0.65, 0.31, 0.24, 0.37, 0.47, 0.36, 0.21, 0.36, 0.43, 0.28, 0.36, 0.27, 0.24, 0.92, 0.41, 0.41, 0.6, 0.49, 0.67, 0.23, 0.52, 0.32, 0.25, 0.26, 0.72, 0.56, 0.73, 0.49, 0.25, 0.77, 0.26, 0.32, 0.34]
    double_support_times: [0.0, 0.0, 0.0, 0.0, 0.0, 0.0, 0.0, 0.0, 0.0, 0.0, 0.0, 0.0, 0.0, 0.0, 0.0, 0.0, 0.0, 0.0, 0.0, 0.0, 0.0, 0.0, 0.0, 0.0, 0.0, 0.0, 0.0, 0.0, 0.0, 0.0, 0.0, 0.0, 0.0, 0.0, 0.0, 0.0, 0.0, 0.0, 0.0, 0.0, 0.0, 0.0, 0.0, 0.0, 0.0, 0.0, 0.0, 0.0, 0.0, 0.0, 0.0, 0.0]
    single_support_times: [0.88, 0.44, 0.35, 0.61, 0.49, 0.23, 0.29, 0.4, 0.35, 0.63, 0.42, 0.23, 0.23, 0.21, 0.35, 0.28, 0.31, 0.74, 0.28, 0.36, 0.35, 0.91, 0.37, 0.26, 0.38, 0.21, 0.31, 0.34, 0.29, 0.47, 0.36, 0.21, 0.24, 0.35, 0.4, 0.36, 0.27, 0.92, 0.41, 0.6, 0.21, 0.27, 0.52, 0.32, 0.26, 0.72, 0.56, 0.26, 0.25, 0.77, 0.26, 0.32]
    exercise_duration_seconds: 62.29
    mean_stride_time: 1.6507894736842106
    std_stride_time: 0.6191903949128689

