total_metrics:
  total_metrics_head:
    number_of_movements: 28
    pace_movements_per_second: 0.5910914080641757
    mean_range_degrees: 30.59090479512713
    std_range_degrees: 16.553674773011608
    mean_duration_seconds: 0.7524999999999998
    std_duration_seconds: 0.2400096448679295

  Gait Cycle:
    total_steps: 0
    stride_times: [1.08, 1.05, 1.47, 1.32, 1.09, 1.11, 1.79, 1.5899999999999999, 3.52, 3.77, 1.7, 1.58, 1.8900000000000001, 2.16, 1.1, 1.38, 2.32, 2.14, 1.45, 1.75, 1.28]
    cadence: 0.0
    left_stance_times: [0.4, 0.43, 0.27, 0.32, 0.26, 0.78, 0.82, 0.29, 0.54, 0.45, 0.56, 0.47, 0.44, 0.52, 0.39, 0.23, 0.46, 0.42, 0.29, 0.5, 0.3, 0.42, 0.44, 0.44, 0.27, 0.52, 0.42, 0.32, 0.78, 0.22, 0.29, 0.45, 0.24, 0.57, 0.21]
    right_stance_times: [0.26, 0.24, 0.26, 0.25, 0.22, 0.21, 0.62, 0.77, 0.3, 0.3, 0.37, 0.22, 0.67, 0.24, 0.74, 0.5, 0.51, 0.3, 0.26, 0.51, 0.27, 0.4, 0.28, 0.3, 1.15, 0.5, 0.54, 0.5, 0.28, 0.47, 0.26, 1.2, 0.27]
    left_swing_times: [0.24, 0.26, 0.25, 0.22, 0.21, 0.82, 0.62, 0.3, 0.45, 0.56, 0.47, 0.44, 0.24, 0.23, 0.46, 0.29, 0.5, 0.51, 0.42, 0.44, 0.27, 0.3, 1.15, 0.5, 0.54, 0.78, 0.22, 0.29, 0.24, 0.57, 1.2]
    right_swing_times: [0.4, 0.26, 0.43, 0.27, 0.32, 0.26, 0.78, 0.29, 0.77, 0.54, 0.3, 0.37, 0.22, 0.67, 0.52, 0.39, 0.74, 0.5, 0.51, 0.42, 0.3, 0.26, 0.3, 0.27, 0.44, 0.4, 0.28, 0.52, 0.42, 0.32, 0.5, 0.28, 0.45, 0.47, 0.26, 0.21, 0.27]
    double_support_times: [0.0, 0.0, 0.0, 0.0, 0.0, 0.0, 0.0, 0.0, 0.0, 0.0, 0.0, 0.0, 0.0, 0.0, 0.0, 0.0, 0.0, 0.0, 0.0, 0.0, 0.0, 0.0, 0.0, 0.0, 0.0, 0.0, 0.0, 0.0, 0.0, 0.0, 0.0, 0.0, 0.0]
    single_support_times: [0.4, 0.43, 0.27, 0.32, 0.26, 0.78, 0.82, 0.29, 0.54, 0.45, 0.56, 0.47, 0.44, 0.52, 0.39, 0.23, 0.46, 0.29, 0.5, 0.3, 0.42, 0.44, 0.44, 0.27, 0.52, 0.42, 0.32, 0.78, 0.29, 0.45, 0.24, 0.57, 0.21]
    exercise_duration_seconds: 47.37
    mean_stride_time: 1.7400000000000002
    std_stride_time: 0.7188681579896473

