total_metrics:
  total_metrics_head:
    number_of_movements: 34
    pace_movements_per_second: 0.7174509390166701
    mean_range_degrees: 27.670430525905733
    std_range_degrees: 14.968190666461208
    mean_duration_seconds: 0.6441176470588235
    std_duration_seconds: 0.15935699672878226

  gait:
    total_steps: 0
    stride_times: [0.92, 1.07, 1.74, 1.55, 1.63, 1.8, 1.18, 1.52, 1.4, 1.44, 0.82, 1.27, 1.45, 1.67, 0.97, 0.8, 1.81, 2.1, 1.69, 1.6800000000000002, 1.41, 1.88, 1.48, 1.31, 1.78, 2.2, 2.18, 3.57, 1.45]
    cadence: 0.0
    left_stance_times: [0.38, 0.26, 0.83, 0.39, 0.22, 0.44, 0.24, 0.54, 0.43, 0.55, 0.57, 0.3, 0.42, 0.26, 0.24, 0.26, 0.32, 0.26, 0.4, 0.35, 0.24, 0.28, 0.25, 0.28, 0.49, 0.74, 0.31, 0.55, 0.34, 0.34, 0.28, 0.21, 0.58, 0.38, 0.27, 0.7, 0.21, 0.54, 0.22, 0.45, 0.76, 0.95, 0.49, 0.54, 0.33]
    right_stance_times: [0.23, 0.31, 0.26, 0.34, 0.26, 0.36, 0.27, 0.46, 0.32, 0.29, 0.54, 0.62, 0.21, 0.24, 0.44, 0.35, 0.47, 0.5, 0.25, 0.5, 0.78, 0.26, 0.46, 0.23, 0.58, 0.24, 0.91, 0.33, 0.47, 0.5, 0.21, 0.26, 0.23, 0.65, 0.25, 0.91, 0.23, 1.06, 1.02, 0.35, 0.37, 0.47]
    left_swing_times: [0.38, 0.23, 0.31, 0.83, 0.34, 0.22, 0.24, 0.54, 0.46, 0.43, 0.29, 0.54, 0.3, 0.42, 0.26, 0.24, 0.26, 0.32, 0.26, 0.5, 0.35, 0.24, 0.5, 0.25, 0.28, 0.23, 0.31, 0.24, 0.91, 0.28, 0.47, 0.58, 0.21, 0.38, 0.27, 0.7, 0.21, 0.91, 0.23, 1.06, 0.49, 0.54, 0.37, 0.33]
    right_swing_times: [0.26, 0.26, 0.39, 0.26, 0.44, 0.36, 0.27, 0.32, 0.55, 0.57, 0.62, 0.21, 0.24, 0.44, 0.35, 0.47, 0.4, 0.25, 0.28, 0.78, 0.26, 0.46, 0.49, 0.74, 0.58, 0.55, 0.34, 0.34, 0.33, 0.21, 0.5, 0.26, 0.23, 0.65, 0.25, 0.54, 0.22, 0.45, 0.76, 0.95, 1.02, 0.35, 0.47]
    double_support_times: [0.0, 0.0, 0.0, 0.0, 0.0, 0.0, 0.0, 0.0, 0.0, 0.0, 0.0, 0.0, 0.0, 0.0, 0.0, 0.0, 0.0, 0.0, 0.0, 0.0, 0.0, 0.0, 0.0, 0.0, 0.0, 0.0, 0.0, 0.0, 0.0, 0.0, 0.0, 0.0, 0.0, 0.0, 0.0, 0.0, 0.0, 0.0, 0.0, 0.0, 0.0, 0.0]
    single_support_times: [0.38, 0.26, 0.83, 0.39, 0.22, 0.44, 0.24, 0.54, 0.43, 0.55, 0.57, 0.3, 0.42, 0.26, 0.24, 0.26, 0.26, 0.4, 0.35, 0.24, 0.28, 0.25, 0.28, 0.74, 0.31, 0.55, 0.34, 0.34, 0.28, 0.21, 0.58, 0.38, 0.27, 0.7, 0.21, 0.54, 0.22, 0.76, 0.95, 0.49, 0.54, 0.33]
    exercise_duration_seconds: 47.39
    mean_stride_time: 1.5782758620689659
    std_stride_time: 0.5244509047435477

