total_metrics:
  total_metrics_head:
    number_of_movements: 10
    pace_movements_per_second: 0.578368999421631
    mean_range_degrees: 31.95151863476721
    std_range_degrees: 18.59063948464664
    mean_duration_seconds: 0.747
    std_duration_seconds: 0.3151736734634485

  gait:
    total_steps: 0
    stride_times: [1.22, 0.97, 1.49, 2.41, 2.14, 1.7, 1.69, 0.96]
    cadence: 0.0
    left_stance_times: [0.42, 0.26, 0.41, 0.37, 0.21, 0.29, 0.21, 0.25, 0.43, 0.48, 0.23, 0.24, 0.41]
    right_stance_times: [0.65, 0.21, 0.87, 0.32, 0.29, 0.32, 0.58, 0.89, 0.4, 0.24, 0.4, 0.34]
    left_swing_times: [0.42, 0.65, 0.21, 0.41, 0.37, 0.29, 0.58, 0.89, 0.43, 0.48, 0.23, 0.4]
    right_swing_times: [0.26, 0.87, 0.32, 0.21, 0.29, 0.32, 0.21, 0.25, 0.4, 0.24, 0.24, 0.34, 0.41]
    double_support_times: [0.0, 0.0, 0.0, 0.0, 0.0, 0.0, 0.0, 0.0, 0.0, 0.0, 0.0, 0.0]
    single_support_times: [0.42, 0.26, 0.41, 0.37, 0.21, 0.29, 0.21, 0.25, 0.43, 0.48, 0.23, 0.24]
    exercise_duration_seconds: 17.29
    mean_stride_time: 1.5725
    std_stride_time: 0.49024866139541884

