total_metrics:
  total_metrics_head:
    number_of_movements: 18
    pace_movements_per_second: 0.5806451612903226
    mean_range_degrees: 38.99120235138233
    std_range_degrees: 16.91658100404817
    mean_duration_seconds: 0.7583333333333334
    std_duration_seconds: 0.20923530238634658

  gait:
    total_steps: 0
    stride_times: [2.66, 2.13, 1.3, 2.07, 1.99, 0.8, 1.19, 1.41, 1.37, 1.73, 1.69, 1.27, 2.98, 2.83, 1.35]
    cadence: 0.0
    left_stance_times: [0.35, 0.21, 0.51, 0.75, 0.48, 0.3, 0.71, 0.29, 0.48, 0.62, 0.4, 0.41, 0.31, 0.57, 0.36, 0.4, 0.22, 0.83, 0.34, 0.44, 0.29, 0.62, 0.43, 0.22, 0.25, 0.43, 0.58, 0.57, 0.41, 0.24]
    right_stance_times: [0.33, 0.32, 0.23, 0.32, 0.71, 0.36, 0.59, 0.55, 0.29, 0.44, 0.33, 0.62, 0.21, 0.69, 0.32, 0.21, 0.43, 0.22, 0.29, 0.26, 0.25, 0.23, 0.23, 0.4, 0.46, 0.21, 0.42, 0.28]
    left_swing_times: [0.35, 0.33, 0.23, 0.32, 0.71, 0.36, 0.59, 0.48, 0.29, 0.4, 0.44, 0.33, 0.62, 0.57, 0.36, 0.4, 0.22, 0.83, 0.34, 0.44, 0.29, 0.25, 0.23, 0.23, 0.4, 0.46, 0.21, 0.24]
    right_swing_times: [0.21, 0.32, 0.51, 0.75, 0.48, 0.3, 0.71, 0.29, 0.55, 0.62, 0.41, 0.31, 0.21, 0.69, 0.32, 0.21, 0.43, 0.22, 0.29, 0.26, 0.62, 0.43, 0.22, 0.25, 0.43, 0.58, 0.57, 0.41, 0.42, 0.28]
    double_support_times: [0.0, 0.0, 0.0, 0.0, 0.0, 0.0, 0.0, 0.0, 0.0, 0.0, 0.0, 0.0, 0.0, 0.0, 0.0, 0.0, 0.0, 0.0, 0.0, 0.0, 0.0, 0.0, 0.0, 0.0, 0.0, 0.0, 0.0, 0.0]
    single_support_times: [0.35, 0.21, 0.51, 0.75, 0.3, 0.71, 0.29, 0.48, 0.62, 0.4, 0.41, 0.31, 0.57, 0.36, 0.4, 0.22, 0.83, 0.34, 0.44, 0.29, 0.62, 0.43, 0.22, 0.25, 0.43, 0.57, 0.41, 0.24]
    exercise_duration_seconds: 31.0
    mean_stride_time: 1.7846666666666668
    std_stride_time: 0.6253944533030512

