total_metrics:
  total_metrics_head:
    number_of_movements: 46
    pace_movements_per_second: 0.7213423239767915
    mean_range_degrees: 29.27390479607325
    std_range_degrees: 16.26652888962106
    mean_duration_seconds: 0.693695652173913
    std_duration_seconds: 0.27339315358128624

  gait:
    total_steps: 0
    stride_times: [1.69, 2.83, 2.33, 1.58, 2.91, 2.13, 1.15, 2.82, 0.95, 1.15, 1.1, 1.8, 1.8199999999999998, 0.77, 1.19, 3.16, 4.29, 2.2, 1.77, 1.53, 1.0, 1.38, 2.18, 2.33, 1.77, 2.39, 1.31, 1.5899999999999999, 1.88, 2.15, 1.74, 1.9300000000000002, 2.62, 3.12, 1.75]
    cadence: 0.0
    left_stance_times: [0.23, 1.1400000000000001, 0.62, 0.38, 0.51, 0.62, 0.25, 0.41, 0.46, 1.37, 0.88, 0.25, 0.41, 0.47, 0.69, 0.48, 0.25, 0.59, 0.42, 0.64, 0.29, 0.3, 0.36, 0.26, 0.99, 0.49, 0.74, 0.32, 0.27, 0.29, 0.55, 0.23, 0.43, 0.36, 0.31, 0.76, 0.51, 0.41, 1.79, 0.22, 0.59, 0.67, 0.54, 0.63, 0.31, 0.68, 1.08, 0.25, 0.21, 0.71, 1.06, 0.77, 1.1]
    right_stance_times: [0.3, 0.74, 0.61, 0.33, 0.5, 0.44, 0.29, 0.41, 0.29, 0.32, 0.35, 0.52, 0.47, 0.3, 0.39, 0.94, 0.34, 0.38, 0.28, 0.65, 0.39, 0.89, 0.5, 0.32, 0.28, 0.44, 0.28, 0.37, 0.25, 0.36, 0.31, 0.66, 0.77, 0.35, 0.48, 0.64, 0.45, 0.46, 0.46, 0.24, 0.25, 0.35, 0.24, 0.37, 0.29, 0.24, 0.54, 0.22, 0.63]
    left_swing_times: [0.23, 0.3, 0.74, 0.61, 0.33, 0.29, 0.41, 0.29, 0.32, 0.88, 0.35, 0.47, 0.69, 0.3, 0.48, 0.25, 0.94, 0.34, 0.42, 0.38, 0.64, 0.28, 0.65, 0.26, 0.32, 0.49, 0.44, 0.32, 0.37, 0.25, 0.55, 0.23, 0.43, 0.36, 0.31, 0.77, 0.76, 0.51, 1.79, 0.45, 0.46, 0.59, 0.67, 0.54, 0.35, 0.24, 1.08, 0.25, 0.21, 1.06, 0.77, 0.63]
    right_swing_times: [1.1400000000000001, 0.62, 0.38, 0.51, 0.5, 0.62, 0.44, 0.25, 0.41, 0.46, 1.37, 0.25, 0.52, 0.41, 0.47, 0.39, 0.59, 0.29, 0.3, 0.39, 0.36, 0.89, 0.5, 0.99, 0.28, 0.74, 0.28, 0.27, 0.29, 0.36, 0.31, 0.66, 0.35, 0.48, 0.41, 0.64, 0.22, 0.46, 0.24, 0.25, 0.63, 0.31, 0.68, 0.37, 0.29, 0.24, 0.71, 0.54, 0.22, 1.1]
    double_support_times: [0.0, 0.0, 0.0, 0.0, 0.0, 0.0, 0.0, 0.0, 0.0, 0.0, 0.0, 0.0, 0.0, 0.0, 0.0, 0.0, 0.0, 0.0, 0.0, 0.0, 0.0, 0.0, 0.0, 0.0, 0.0, 0.0, 0.0, 0.0, 0.0, 0.0, 0.0, 0.0, 0.0, 0.0, 0.0, 0.0, 0.0, 0.0, 0.0, 0.0, 0.0, 0.0, 0.0, 0.0, 0.0, 0.0, 0.0, 0.0, 0.0]
    single_support_times: [0.23, 1.1400000000000001, 0.62, 0.38, 0.51, 0.62, 0.25, 0.41, 0.46, 1.37, 0.88, 0.25, 0.41, 0.69, 0.48, 0.25, 0.59, 0.42, 0.64, 0.29, 0.3, 0.36, 0.26, 0.99, 0.49, 0.74, 0.32, 0.27, 0.29, 0.23, 0.43, 0.36, 0.31, 0.76, 0.51, 0.41, 1.79, 0.22, 0.59, 0.67, 0.54, 0.63, 0.68, 1.08, 0.25, 0.21, 0.71, 1.06, 0.77]
    exercise_duration_seconds: 63.77
    mean_stride_time: 1.9517142857142857
    std_stride_time: 0.7405422172369406

