total_metrics:
  total_metrics_head:
    number_of_movements: 17
    pace_movements_per_second: 0.5281143212177696
    mean_range_degrees: 32.81187016541378
    std_range_degrees: 13.95731890246377
    mean_duration_seconds: 0.7888235294117647
    std_duration_seconds: 0.22251073999194892

  gait:
    total_steps: 0
    stride_times: [1.5699999999999998, 1.4, 1.65, 0.97, 1.15, 1.26, 1.32, 2.07, 3.07, 2.05, 0.58, 1.8, 2.08, 1.69, 1.52]
    cadence: 0.0
    left_stance_times: [0.88, 0.44, 0.35, 0.61, 0.49, 0.23, 0.29, 0.4, 0.35, 0.63, 0.42, 0.23, 0.23, 0.21, 0.57, 0.38]
    right_stance_times: [0.26, 0.23, 0.26, 0.34, 0.52, 0.35, 0.24, 0.46, 0.6, 0.74, 0.24, 1.32, 0.35, 0.61, 0.28, 0.21]
    left_swing_times: [0.88, 0.23, 0.35, 0.34, 0.49, 0.52, 0.35, 0.24, 0.46, 0.63, 0.24, 0.23, 1.32, 0.35, 0.61, 0.28, 0.38]
    right_swing_times: [0.26, 0.44, 0.26, 0.61, 0.23, 0.29, 0.4, 0.35, 0.6, 0.74, 0.42, 0.23, 0.21, 0.57, 0.21]
    double_support_times: [0.0, 0.0, 0.0, 0.0, 0.0, 0.0, 0.0, 0.0, 0.0, 0.0, 0.0, 0.0, 0.0, 0.0, 0.0, 0.0]
    single_support_times: [0.88, 0.44, 0.35, 0.61, 0.49, 0.23, 0.29, 0.4, 0.35, 0.63, 0.42, 0.23, 0.23, 0.21, 0.57, 0.38]
    exercise_duration_seconds: 32.19
    mean_stride_time: 1.6119999999999999
    std_stride_time: 0.562390137419449

