total_metrics:
  total_metrics_head:
    number_of_movements: 32
    pace_movements_per_second: 0.6690361697679281
    mean_range_degrees: 27.280456897425836
    std_range_degrees: 18.385928436848918
    mean_duration_seconds: 0.64375
    std_duration_seconds: 0.18017464645672668

  gait:
    total_steps: 0
    stride_times: [2.43, 2.63, 2.2, 2.11, 1.6800000000000002, 1.5699999999999998, 1.53, 1.2, 3.84, 4.53, 2.08, 1.73, 1.05, 1.6600000000000001, 2.54, 3.17, 1.29, 0.66, 0.86, 1.35, 1.4, 1.8900000000000001]
    cadence: 0.0
    left_stance_times: [0.26, 0.24, 0.45, 0.45, 0.89, 0.49, 0.68, 0.6, 0.53, 0.47, 0.54, 0.59, 1.3900000000000001, 0.79, 0.33, 0.46, 0.26, 0.79, 0.59, 0.35, 0.51, 0.82, 0.25, 0.44, 0.36, 0.63, 0.34, 0.29, 0.28, 0.53, 0.24, 0.58, 0.23, 0.49, 0.8, 0.34]
    right_stance_times: [0.27, 0.3, 0.62, 0.33, 0.29, 0.56, 0.46, 0.52, 0.21, 0.38, 0.55, 0.3, 0.86, 0.37, 0.28, 0.68, 0.3, 0.25, 0.26, 0.3, 0.43, 0.21, 0.29, 0.28, 0.46, 0.53, 0.23, 0.34, 0.24, 0.32, 0.22, 0.27, 0.23, 0.32, 0.21, 0.27]
    left_swing_times: [0.24, 0.62, 0.89, 0.49, 0.68, 0.6, 0.52, 0.53, 0.47, 0.54, 0.55, 0.59, 0.79, 0.28, 0.68, 0.3, 0.26, 0.35, 0.51, 0.82, 0.29, 0.44, 0.53, 0.29, 0.34, 0.28, 0.53, 0.24, 0.58, 0.23, 0.49, 0.8, 0.34]
    right_swing_times: [0.26, 0.27, 0.3, 0.45, 0.45, 0.33, 0.29, 0.56, 0.46, 0.21, 0.38, 0.3, 1.3900000000000001, 0.86, 0.37, 0.33, 0.46, 0.26, 0.79, 0.25, 0.59, 0.3, 0.43, 0.21, 0.25, 0.28, 0.36, 0.46, 0.63, 0.34, 0.23, 0.24, 0.32, 0.22, 0.27, 0.23, 0.32, 0.21, 0.27]
    double_support_times: [0.0, 0.0, 0.0, 0.0, 0.0, 0.0, 0.0, 0.0, 0.0, 0.0, 0.0, 0.0, 0.0, 0.0, 0.0, 0.0, 0.0, 0.0, 0.0, 0.0, 0.0, 0.0, 0.0, 0.0, 0.0, 0.0, 0.0, 0.0, 0.0, 0.0, 0.0, 0.0, 0.0, 0.0, 0.0, 0.0]
    single_support_times: [0.26, 0.24, 0.45, 0.45, 0.89, 0.49, 0.68, 0.6, 0.53, 0.47, 0.54, 0.59, 1.3900000000000001, 0.79, 0.33, 0.46, 0.26, 0.79, 0.59, 0.35, 0.51, 0.82, 0.25, 0.44, 0.36, 0.63, 0.34, 0.29, 0.28, 0.53, 0.24, 0.58, 0.23, 0.49, 0.8, 0.34]
    exercise_duration_seconds: 47.83
    mean_stride_time: 1.9727272727272727
    std_stride_time: 0.9220539415209829

