total_metrics:
  total_metrics_head:
    number_of_movements: 26
    pace_movements_per_second: 0.5486389533656889
    mean_range_degrees: 33.51051038252586
    std_range_degrees: 16.479637399659758
    mean_duration_seconds: 0.776923076923077
    std_duration_seconds: 0.24910671176456453

  gait:
    total_steps: 0
    stride_times: [1.5699999999999998, 1.4, 1.65, 0.97, 1.15, 1.26, 1.32, 2.07, 3.07, 2.05, 0.58, 1.8, 2.08, 1.28, 1.29, 1.3599999999999999, 2.01, 1.75, 1.11, 1.67, 1.58, 0.63, 1.18, 1.6600000000000001, 1.96, 1.8599999999999999, 1.72, 1.08, 0.9, 1.12, 1.33, 1.77]
    cadence: 0.0
    left_stance_times: [0.88, 0.44, 0.35, 0.61, 0.49, 0.23, 0.29, 0.4, 0.35, 0.63, 0.42, 0.23, 0.23, 0.21, 0.35, 0.28, 0.31, 0.74, 0.28, 0.36, 0.35, 0.91, 0.37, 0.26, 0.38, 0.21, 0.35, 0.31, 0.34, 0.29, 0.47, 0.36, 0.21, 0.24, 0.35, 0.4, 0.21, 0.35]
    right_stance_times: [0.26, 0.23, 0.26, 0.34, 0.52, 0.35, 0.24, 0.46, 0.6, 0.74, 0.24, 1.32, 0.35, 0.59, 0.33, 0.32, 0.34, 0.37, 0.34, 0.33, 0.45, 0.23, 0.74, 0.73, 0.22, 0.65, 0.35, 0.24, 0.37, 0.45, 0.48, 0.36, 0.43, 0.5, 0.28, 1.24, 0.24]
    left_swing_times: [0.88, 0.23, 0.35, 0.34, 0.49, 0.52, 0.35, 0.24, 0.46, 0.63, 0.24, 0.23, 1.32, 0.35, 0.59, 0.35, 0.33, 0.31, 0.34, 0.37, 0.28, 0.36, 0.35, 0.45, 0.23, 0.37, 0.74, 0.22, 0.21, 0.35, 0.35, 0.34, 0.29, 0.45, 0.48, 0.24, 0.35, 0.5, 0.4, 0.21, 1.24, 0.24]
    right_swing_times: [0.26, 0.44, 0.26, 0.61, 0.23, 0.29, 0.4, 0.35, 0.6, 0.74, 0.42, 0.23, 0.21, 0.28, 0.32, 0.74, 0.34, 0.33, 0.91, 0.26, 0.73, 0.38, 0.65, 0.31, 0.24, 0.37, 0.47, 0.36, 0.21, 0.36, 0.43, 0.28, 0.35]
    double_support_times: [0.0, 0.0, 0.0, 0.0, 0.0, 0.0, 0.0, 0.0, 0.0, 0.0, 0.0, 0.0, 0.0, 0.0, 0.0, 0.0, 0.0, 0.0, 0.0, 0.0, 0.0, 0.0, 0.0, 0.0, 0.0, 0.0, 0.0, 0.0, 0.0, 0.0, 0.0, 0.0, 0.0, 0.0, 0.0, 0.0, 0.0]
    single_support_times: [0.88, 0.44, 0.35, 0.61, 0.49, 0.23, 0.29, 0.4, 0.35, 0.63, 0.42, 0.23, 0.23, 0.21, 0.35, 0.28, 0.31, 0.74, 0.28, 0.36, 0.35, 0.91, 0.37, 0.26, 0.38, 0.21, 0.31, 0.34, 0.29, 0.47, 0.36, 0.21, 0.24, 0.35, 0.4, 0.21, 0.35]
    exercise_duration_seconds: 47.39
    mean_stride_time: 1.5071875
    std_stride_time: 0.4864876307201962

