total_metrics:
  total_metrics_head:
    number_of_movements: 10
    pace_movements_per_second: 0.578368999421631
    mean_range_degrees: 28.287362251421428
    std_range_degrees: 14.618619339878729
    mean_duration_seconds: 0.6920000000000001
    std_duration_seconds: 0.2117020967722752

  gait:
    total_steps: 0
    stride_times: [0.99, 1.2, 1.13, 1.27, 1.42, 2.05]
    cadence: 0.0
    left_stance_times: [0.34, 0.26, 0.25, 0.53, 0.24, 0.33, 0.49, 0.23, 0.52, 0.37, 0.32, 0.34, 0.51]
    right_stance_times: [1.4, 0.5, 0.33, 0.28, 1.04, 0.63, 0.39, 0.35, 0.21, 0.73, 0.83]
    left_swing_times: [0.26, 0.5, 0.33, 0.53, 0.24, 1.04, 0.52, 0.37, 0.32, 0.83]
    right_swing_times: [0.34, 1.4, 0.25, 0.28, 0.33, 0.63, 0.49, 0.39, 0.23, 0.35, 0.21, 0.73, 0.34, 0.51]
    double_support_times: [0.0, 0.0, 0.0, 0.0, 0.0, 0.0, 0.0, 0.0, 0.0, 0.0, 0.0]
    single_support_times: [0.34, 0.26, 0.25, 0.53, 0.24, 0.33, 0.49, 0.52, 0.37, 0.32, 0.34]
    exercise_duration_seconds: 17.29
    mean_stride_time: 1.343333333333333
    std_stride_time: 0.34193891592245274

