total_metrics:
  total_metrics_head:
    number_of_movements: 20
    pace_movements_per_second: 0.6184291898577612
    mean_range_degrees: 28.954524861974296
    std_range_degrees: 18.350469728918874
    mean_duration_seconds: 0.6509999999999999
    std_duration_seconds: 0.17477504338284022

  gait:
    total_steps: 0
    stride_times: [2.43, 2.63, 2.2, 2.11, 1.6800000000000002, 1.5699999999999998, 1.53, 1.2, 3.84, 4.53, 2.08, 1.73, 1.05, 1.6600000000000001]
    cadence: 0.0
    left_stance_times: [0.26, 0.24, 0.45, 0.45, 0.89, 0.49, 0.68, 0.6, 0.53, 0.47, 0.54, 0.59, 1.3900000000000001, 0.79, 0.33, 0.46, 0.26, 0.79, 0.59, 0.35, 0.51, 0.84]
    right_stance_times: [0.27, 0.3, 0.62, 0.33, 0.29, 0.56, 0.46, 0.52, 0.21, 0.38, 0.55, 0.3, 0.86, 0.37, 0.28, 0.68, 0.3, 0.25, 0.26, 0.3, 0.43]
    left_swing_times: [0.24, 0.62, 0.89, 0.49, 0.68, 0.6, 0.52, 0.53, 0.47, 0.54, 0.55, 0.59, 0.79, 0.28, 0.68, 0.3, 0.26, 0.35, 0.51, 0.84]
    right_swing_times: [0.26, 0.27, 0.3, 0.45, 0.45, 0.33, 0.29, 0.56, 0.46, 0.21, 0.38, 0.3, 1.3900000000000001, 0.86, 0.37, 0.33, 0.46, 0.26, 0.79, 0.25, 0.59, 0.3, 0.43]
    double_support_times: [0.0, 0.0, 0.0, 0.0, 0.0, 0.0, 0.0, 0.0, 0.0, 0.0, 0.0, 0.0, 0.0, 0.0, 0.0, 0.0, 0.0, 0.0, 0.0, 0.0, 0.0]
    single_support_times: [0.26, 0.24, 0.45, 0.45, 0.89, 0.49, 0.68, 0.6, 0.53, 0.47, 0.54, 0.59, 1.3900000000000001, 0.79, 0.33, 0.46, 0.26, 0.79, 0.59, 0.35, 0.51]
    exercise_duration_seconds: 32.34
    mean_stride_time: 2.1600000000000006
    std_stride_time: 0.9376109458161661

