total_metrics:
  total_metrics_head:
    number_of_movements: 11
    pace_movements_per_second: 0.40441176470588236
    mean_range_degrees: 12.939229279780234
    std_range_degrees: 6.303505862950871
    mean_duration_seconds: 0.6918177272727273
    std_duration_seconds: 0.33198859235645156

  Gait Cycle:
    total_steps: 0
    stride_times: [3.19, 3.17, 3.33, 3.45, 3.79]
    cadence: 0.0
    left_stance_times: [0.86, 0.71, 0.77, 0.77, 0.82, 1.06, 0.92, 0.87, 0.92]
    right_stance_times: [0.94, 0.82, 0.67, 1.01, 1.09, 0.93, 0.75, 0.75]
    left_swing_times: [0.86, 0.71, 0.77, 0.77, 0.82, 1.06, 0.92, 0.75, 0.75]
    right_swing_times: [0.94, 0.82, 0.67, 1.01, 1.09, 0.93, 0.87, 0.92]
    double_support_times: [0.0, 0.0, 0.0, 0.0, 0.0, 0.0, 0.0, 0.0]
    single_support_times: [0.86, 0.71, 0.77, 0.77, 0.82, 1.06, 0.87, 0.92]
    exercise_duration_seconds: 27.2
    mean_stride_time: 3.386
    std_stride_time: 0.2260619384151167

