total_metrics:
  total_metrics_head:
    number_of_movements: 18
    pace_movements_per_second: 0.537795040334628
    mean_range_degrees: 31.172224913622863
    std_range_degrees: 15.114161230547959
    mean_duration_seconds: 0.7933333333333334
    std_duration_seconds: 0.24384180020950422

  Gait Cycle:
    total_steps: 0
    stride_times: [1.08, 1.05, 1.47, 1.32, 1.09, 1.11, 1.79, 1.5899999999999999, 3.52, 3.77]
    cadence: 0.0
    left_stance_times: [0.4, 0.43, 0.27, 0.32, 0.26, 0.78, 0.82, 0.29, 0.54, 0.45, 0.56, 0.47, 0.44, 0.52, 0.39, 0.23, 0.46, 0.42]
    right_stance_times: [0.26, 0.24, 0.26, 0.25, 0.22, 0.21, 0.62, 0.77, 0.3, 0.3, 0.37, 0.22, 0.67, 0.24, 0.74, 0.5, 0.51]
    left_swing_times: [0.24, 0.26, 0.25, 0.22, 0.21, 0.82, 0.62, 0.3, 0.45, 0.56, 0.47, 0.44, 0.24, 0.23, 0.46]
    right_swing_times: [0.4, 0.26, 0.43, 0.27, 0.32, 0.26, 0.78, 0.29, 0.77, 0.54, 0.3, 0.37, 0.22, 0.67, 0.52, 0.39, 0.74, 0.5, 0.51, 0.42]
    double_support_times: [0.0, 0.0, 0.0, 0.0, 0.0, 0.0, 0.0, 0.0, 0.0, 0.0, 0.0, 0.0, 0.0, 0.0, 0.0, 0.0, 0.0]
    single_support_times: [0.4, 0.43, 0.27, 0.32, 0.26, 0.78, 0.82, 0.29, 0.54, 0.45, 0.56, 0.47, 0.44, 0.52, 0.39, 0.23, 0.46]
    exercise_duration_seconds: 33.47
    mean_stride_time: 1.779
    std_stride_time: 0.9633010951929827

