total_metrics:
  total_metrics_head:
    number_of_movements: 22
    pace_movements_per_second: 0.6792219820932387
    mean_range_degrees: 25.521477460014957
    std_range_degrees: 14.286375967627496
    mean_duration_seconds: 0.6386363636363636
    std_duration_seconds: 0.14544825473409712

  gait:
    total_steps: 0
    stride_times: [0.92, 1.07, 1.74, 1.55, 1.63, 1.8, 1.18, 1.52, 1.4, 1.44, 0.82, 1.27, 1.45, 1.67, 0.97, 0.8, 1.81, 2.1, 2.81, 2.55, 1.69]
    cadence: 0.0
    left_stance_times: [0.38, 0.26, 0.83, 0.39, 0.22, 0.44, 0.24, 0.54, 0.43, 0.55, 0.57, 0.3, 0.42, 0.26, 0.24, 0.26, 0.32, 0.26, 0.4, 0.35, 0.24, 0.28, 0.25, 0.28, 0.47, 0.72, 0.31, 0.55]
    right_stance_times: [0.23, 0.31, 0.26, 0.34, 0.26, 0.36, 0.27, 0.46, 0.32, 0.29, 0.54, 0.62, 0.21, 0.24, 0.44, 0.35, 0.47, 0.5, 0.25, 0.5, 0.78, 0.26, 0.46, 0.38, 0.23, 0.58, 0.24]
    left_swing_times: [0.38, 0.23, 0.31, 0.83, 0.34, 0.22, 0.24, 0.54, 0.46, 0.43, 0.29, 0.54, 0.3, 0.42, 0.26, 0.24, 0.26, 0.32, 0.26, 0.5, 0.35, 0.24, 0.5, 0.25, 0.28, 0.23, 0.31, 0.24]
    right_swing_times: [0.26, 0.26, 0.39, 0.26, 0.44, 0.36, 0.27, 0.32, 0.55, 0.57, 0.62, 0.21, 0.24, 0.44, 0.35, 0.47, 0.4, 0.25, 0.28, 0.78, 0.26, 0.46, 0.47, 0.38, 0.72, 0.58, 0.55]
    double_support_times: [0.0, 0.0, 0.0, 0.0, 0.0, 0.0, 0.0, 0.0, 0.0, 0.0, 0.0, 0.0, 0.0, 0.0, 0.0, 0.0, 0.0, 0.0, 0.0, 0.0, 0.0, 0.0, 0.0, 0.0, 0.0, 0.0, 0.0]
    single_support_times: [0.38, 0.26, 0.83, 0.39, 0.22, 0.44, 0.24, 0.54, 0.43, 0.55, 0.57, 0.3, 0.42, 0.26, 0.24, 0.26, 0.26, 0.4, 0.35, 0.24, 0.28, 0.25, 0.28, 0.47, 0.72, 0.31, 0.55]
    exercise_duration_seconds: 32.39
    mean_stride_time: 1.5328571428571427
    std_stride_time: 0.5075819695205032

