total_metrics:
  total_metrics_head:
    number_of_movements: 41
    pace_movements_per_second: 0.6667750853797365
    mean_range_degrees: 29.460213685455788
    std_range_degrees: 18.082385796878466
    mean_duration_seconds: 0.692439024390244
    std_duration_seconds: 0.25624968768571094

  gait:
    total_steps: 0
    stride_times: [3.16, 1.78, 1.87, 1.52, 1.0, 1.8199999999999998, 0.81, 1.56, 1.94, 1.34, 1.15, 2.15, 3.51, 3.69, 3.18, 2.03, 1.7, 1.74, 1.69, 3.46, 1.52, 1.55, 1.15, 1.13, 1.28, 1.03, 4.25, 5.73]
    cadence: 0.0
    left_stance_times: [0.47, 0.28, 0.26, 0.43, 0.33, 0.22, 0.29, 0.38, 0.21, 0.43, 0.44, 0.82, 0.61, 0.43, 0.22, 0.26, 0.46, 0.25, 1.05, 0.73, 0.47, 0.87, 0.34, 0.29, 0.37, 0.21, 0.32, 0.35, 0.39, 0.24, 0.52, 0.26, 0.62, 0.25, 0.46, 0.31, 1.07, 0.61, 0.35, 0.62, 0.34, 0.25, 0.38, 0.42, 0.28, 0.35, 0.25, 0.38, 0.36, 0.34, 1.3599999999999999, 0.38, 0.43, 0.21]
    right_stance_times: [0.28, 0.37, 0.36, 0.8, 0.29, 0.72, 0.62, 0.47, 0.27, 0.49, 0.77, 0.28, 0.28, 0.29, 0.28, 0.53, 0.25, 0.31, 0.61, 0.21, 0.62, 0.27, 0.33, 0.5, 0.58, 0.55, 0.49, 0.54, 0.32, 0.68, 0.38, 0.94, 0.71, 0.45, 0.88, 0.23, 0.24, 0.41, 0.25, 0.22, 0.45, 0.77, 0.28, 0.29, 0.49, 0.45, 0.32, 0.91, 0.8, 0.54]
    left_swing_times: [0.28, 0.26, 0.29, 0.29, 0.38, 0.21, 0.49, 0.44, 0.77, 0.82, 0.28, 0.43, 0.29, 0.28, 0.53, 0.25, 0.31, 1.05, 0.73, 0.87, 0.29, 0.21, 0.58, 0.49, 0.24, 0.52, 0.26, 0.62, 0.94, 0.31, 0.61, 0.35, 0.62, 0.34, 0.25, 0.22, 0.42, 0.28, 0.77, 0.35, 0.25, 0.38, 0.32, 0.8]
    right_swing_times: [0.47, 0.28, 0.37, 0.36, 0.43, 0.8, 0.33, 0.22, 0.72, 0.62, 0.47, 0.27, 0.43, 0.28, 0.61, 0.22, 0.26, 0.46, 0.25, 0.61, 0.21, 0.47, 0.62, 0.27, 0.34, 0.33, 0.37, 0.5, 0.32, 0.55, 0.35, 0.39, 0.54, 0.32, 0.68, 0.38, 0.25, 0.71, 0.46, 0.45, 1.07, 0.88, 0.23, 0.24, 0.41, 0.25, 0.38, 0.45, 0.28, 0.29, 0.36, 0.49, 0.34, 0.45, 1.3599999999999999, 0.38, 0.91, 0.43, 0.21, 0.54]
    double_support_times: [0.0, 0.0, 0.0, 0.0, 0.0, 0.0, 0.0, 0.0, 0.0, 0.0, 0.0, 0.0, 0.0, 0.0, 0.0, 0.0, 0.0, 0.0, 0.0, 0.0, 0.0, 0.0, 0.0, 0.0, 0.0, 0.0, 0.0, 0.0, 0.0, 0.0, 0.0, 0.0, 0.0, 0.0, 0.0, 0.0, 0.0, 0.0, 0.0, 0.0, 0.0, 0.0, 0.0, 0.0, 0.0, 0.0, 0.0, 0.0, 0.0, 0.0]
    single_support_times: [0.47, 0.28, 0.26, 0.43, 0.33, 0.22, 0.29, 0.38, 0.21, 0.43, 0.44, 0.82, 0.61, 0.43, 0.22, 0.26, 0.46, 0.25, 1.05, 0.73, 0.47, 0.87, 0.34, 0.37, 0.21, 0.32, 0.35, 0.39, 0.24, 0.52, 0.26, 0.62, 0.25, 0.31, 1.07, 0.61, 0.35, 0.34, 0.25, 0.38, 0.42, 0.28, 0.25, 0.38, 0.36, 0.34, 1.3599999999999999, 0.38, 0.43, 0.21]
    exercise_duration_seconds: 61.49
    mean_stride_time: 2.0978571428571433
    std_stride_time: 1.1411346394295998

