total_metrics:
  total_metrics_head:
    number_of_movements: 11
    pace_movements_per_second: 0.6325474410580794
    mean_range_degrees: 25.069691508114378
    std_range_degrees: 12.504516706153789
    mean_duration_seconds: 0.6572727272727273
    std_duration_seconds: 0.12190905701307914

  gait:
    total_steps: 0
    stride_times: [0.92, 1.07, 1.74, 1.55, 1.63, 1.8, 1.18, 1.53]
    cadence: 0.0
    left_stance_times: [0.38, 0.26, 0.83, 0.39, 0.22, 0.44, 0.24, 0.54, 0.43, 0.55, 0.58, 0.31]
    right_stance_times: [0.23, 0.31, 0.26, 0.34, 0.26, 0.36, 0.27, 0.46, 0.32, 0.29, 0.53]
    left_swing_times: [0.38, 0.23, 0.31, 0.83, 0.34, 0.22, 0.24, 0.54, 0.46, 0.43, 0.29, 0.53, 0.31]
    right_swing_times: [0.26, 0.26, 0.39, 0.26, 0.44, 0.36, 0.27, 0.32, 0.55, 0.58]
    double_support_times: [0.0, 0.0, 0.0, 0.0, 0.0, 0.0, 0.0, 0.0, 0.0, 0.0, 0.0]
    single_support_times: [0.38, 0.26, 0.83, 0.39, 0.22, 0.44, 0.24, 0.54, 0.43, 0.55, 0.58]
    exercise_duration_seconds: 17.39
    mean_stride_time: 1.4275
    std_stride_time: 0.306094348200028

