total_metrics:
  total_metrics_head:
    number_of_movements: 10
    pace_movements_per_second: 0.5780346820809248
    mean_range_degrees: 34.36487320402372
    std_range_degrees: 13.549261582139026
    mean_duration_seconds: 0.6839999999999999
    std_duration_seconds: 0.1080329167944248

  gait:
    total_steps: 0
    stride_times: [1.22, 2.08, 2.12, 2.0, 2.11, 1.6600000000000001]
    cadence: 0.0
    left_stance_times: [0.33, 0.27, 0.45, 0.3, 0.45, 0.23, 0.33, 0.25, 0.39, 0.84, 0.26, 0.24, 0.38, 0.47, 0.53]
    right_stance_times: [0.6, 0.66, 0.21, 1.2, 0.68, 0.25, 0.39, 0.79, 0.25, 0.43, 0.46, 0.22]
    left_swing_times: [0.33, 0.6, 0.66, 0.21, 1.2, 0.68, 0.25, 0.39, 0.84, 0.43, 0.38, 0.22]
    right_swing_times: [0.27, 0.45, 0.3, 0.45, 0.23, 0.33, 0.25, 0.39, 0.79, 0.25, 0.26, 0.24, 0.46, 0.47, 0.53]
    double_support_times: [0.0, 0.0, 0.0, 0.0, 0.0, 0.0, 0.0, 0.0, 0.0, 0.0, 0.0, 0.0]
    single_support_times: [0.33, 0.27, 0.3, 0.45, 0.23, 0.33, 0.25, 0.39, 0.84, 0.24, 0.38, 0.47]
    exercise_duration_seconds: 17.3
    mean_stride_time: 1.865
    std_stride_time: 0.3285194058195041

