total_metrics:
  total_metrics_head:
    number_of_movements: 27
    pace_movements_per_second: 0.6802721088435375
    mean_range_degrees: 23.272925820440204
    std_range_degrees: 14.681901841111282
    mean_duration_seconds: 0.6896296296296297
    std_duration_seconds: 0.24029599506060279

  gait:
    total_steps: 0
    stride_times: [1.42, 1.55, 2.17, 2.08, 1.1400000000000001, 0.99, 1.5899999999999999, 2.5300000000000002, 2.35, 1.49, 1.48, 1.28, 0.98, 0.8, 0.92, 1.08, 1.56, 1.34, 1.28, 1.25, 0.86, 2.14, 1.6, 0.97, 0.85, 1.31, 1.2, 1.43, 1.96, 1.51]
    cadence: 0.0
    left_stance_times: [0.4, 0.21, 0.49, 0.28, 0.25, 0.25, 0.27, 0.21, 0.32, 0.36, 0.5, 0.23, 0.71, 0.46, 0.29, 0.27, 0.24, 0.28, 0.22, 0.3, 0.28, 0.3, 0.25, 0.33, 0.24, 0.26, 0.21, 0.44, 0.49, 0.52, 0.32, 0.3, 0.56, 0.3, 0.23, 0.47, 0.24, 0.57, 0.21, 0.36, 0.3]
    right_stance_times: [0.46, 0.29, 0.48, 0.88, 0.29, 0.46, 0.27, 0.25, 0.42, 0.24, 0.83, 0.5, 0.27, 0.78, 0.41, 0.57, 0.37, 0.35, 0.46, 0.28, 0.45, 0.41, 0.21, 0.26, 0.64, 0.26, 0.58, 0.32, 0.37, 0.27, 1.06, 0.6, 0.29, 0.52, 0.46, 0.59, 0.22, 0.49, 0.21]
    left_swing_times: [0.46, 0.29, 0.48, 0.88, 0.25, 0.27, 0.27, 0.25, 0.42, 0.36, 0.5, 0.71, 0.5, 0.27, 0.29, 0.41, 0.57, 0.37, 0.28, 0.45, 0.41, 0.21, 0.24, 0.26, 0.64, 0.26, 0.58, 0.49, 0.52, 0.37, 0.32, 1.06, 0.56, 0.3, 0.23, 0.52, 0.47, 0.24, 0.59, 0.22, 0.36, 0.21, 0.3]
    right_swing_times: [0.4, 0.21, 0.49, 0.28, 0.25, 0.29, 0.46, 0.21, 0.32, 0.24, 0.23, 0.83, 0.46, 0.78, 0.27, 0.24, 0.28, 0.22, 0.35, 0.3, 0.46, 0.28, 0.3, 0.25, 0.33, 0.26, 0.21, 0.44, 0.32, 0.27, 0.3, 0.6, 0.29, 0.46, 0.57, 0.21, 0.49]
    double_support_times: [0.0, 0.0, 0.0, 0.0, 0.0, 0.0, 0.0, 0.0, 0.0, 0.0, 0.0, 0.0, 0.0, 0.0, 0.0, 0.0, 0.0, 0.0, 0.0, 0.0, 0.0, 0.0, 0.0, 0.0, 0.0, 0.0, 0.0, 0.0, 0.0, 0.0, 0.0, 0.0, 0.0, 0.0, 0.0, 0.0, 0.0, 0.0, 0.0]
    single_support_times: [0.4, 0.21, 0.49, 0.28, 0.25, 0.25, 0.27, 0.21, 0.32, 0.36, 0.23, 0.71, 0.46, 0.29, 0.27, 0.24, 0.28, 0.22, 0.3, 0.28, 0.3, 0.25, 0.33, 0.24, 0.26, 0.21, 0.44, 0.49, 0.52, 0.32, 0.3, 0.56, 0.3, 0.23, 0.47, 0.24, 0.57, 0.21, 0.36]
    exercise_duration_seconds: 39.69
    mean_stride_time: 1.4370000000000003
    std_stride_time: 0.45437979708609405

