total_metrics:
  total_metrics_head:
    number_of_movements: 10
    pace_movements_per_second: 0.5750431282346176
    mean_range_degrees: 31.83348217296317
    std_range_degrees: 13.831007415176876
    mean_duration_seconds: 0.7
    std_duration_seconds: 0.19333333333333333

  gait:
    total_steps: 0
    stride_times: [1.51, 2.09, 1.92, 1.3900000000000001, 1.5899999999999999, 3.16]
    cadence: 0.0
    left_stance_times: [0.29, 0.58, 0.3, 0.21, 0.21, 0.49, 0.21, 0.29, 0.36, 0.46, 0.32, 0.39, 1.24]
    right_stance_times: [0.24, 0.36, 0.37, 0.37, 0.54, 0.23, 0.29, 0.39, 0.23, 0.51, 1.02, 0.28]
    left_swing_times: [0.29, 0.36, 0.3, 0.21, 0.21, 0.37, 0.54, 0.29, 0.39, 0.46, 0.51, 1.24]
    right_swing_times: [0.24, 0.58, 0.37, 0.49, 0.21, 0.23, 0.29, 0.36, 0.23, 0.32, 0.39, 1.02, 0.28]
    double_support_times: [0.0, 0.0, 0.0, 0.0, 0.0, 0.0, 0.0, 0.0, 0.0, 0.0, 0.0, 0.0]
    single_support_times: [0.29, 0.58, 0.21, 0.21, 0.49, 0.21, 0.29, 0.36, 0.46, 0.32, 0.39, 1.24]
    exercise_duration_seconds: 17.39
    mean_stride_time: 1.9433333333333334
    std_stride_time: 0.5945773475522107

