total_metrics:
  number_of_movements: 4
  movement_mean_time: 2.9966666666666666
  movement_std_time: 0.15084944665313005
  range_mean_degrees: 5.065990933990473
  range_std_degrees: 3.6277995264343765
  chin_to_chest_mean_time: 0.9283333333333332
  chin_to_chest_std_time: 0.4159093116961384
  chest_to_chin_mean_time: 0.8716666666666666
  chest_to_chin_std_time: 0.6115940011332863
  exercise_duration_seconds: 17.42

