total_metrics:
  number_of_movements: 2
  pace_movements_per_second: 0.03185727938834024
  mean_range_degrees: 0.014354351218105828
  std_range_degrees: 0.005676907768223385
  mean_duration_seconds: 0.75
  std_duration_seconds: 0.2969848480983499
  exersice_duration_seconds: 62.78

