total_metrics:
  number_of_movements: 9
  movement_mean_time: 1.6387500000000002
  movement_std_time: 0.34166641260153147
  range_mean_degrees: 28.066292392918115
  range_std_degrees: 30.829866344982555
  chin_to_chest_mean_time: 0.56
  chin_to_chest_std_time: 0.019999999999999962
  chest_to_chin_mean_time: 1.425
  chest_to_chin_std_time: 0.31499999999999995
  exercise_duration_seconds: 16.09

